%YAML:1.0
pose_0: !!opencv-nd-matrix
   sizes: [ 1, 18, 3 ]
   dt: f
   data: [ 3.59837418e+01, 4.90547371e+01, 8.74491155e-01,
       6.21730042e+01, 6.78544693e+01, 7.78280377e-01, 5.23445969e+01,
       6.21805992e+01, 6.79586232e-01, 4.25497665e+01, 1.00602463e+02,
       7.66174614e-01, 1.22785902e+01, 1.23504013e+02, 7.53924966e-01,
       7.36002884e+01, 7.11575012e+01, 6.96040332e-01, 5.15353584e+01,
       1.12868401e+02, 7.19264507e-01, 4.00649490e+01, 7.52454071e+01,
       4.31052923e-01, 5.72610817e+01, 1.53765594e+02, 3.35463315e-01,
       6.30096626e+01, 2.14297882e+02, 6.02572262e-01, 7.44353027e+01,
       2.65824310e+02, 6.28925681e-01, 5.56477928e+01, 1.54587463e+02,
       4.82819706e-01, 2.94197903e+01, 2.12678131e+02, 7.83391178e-01,
       2.45438271e+01, 2.74827026e+02, 6.13817692e-01, 3.51789246e+01,
       4.25494461e+01, 1.05092242e-01, 3.92613487e+01, 4.33643341e+01,
       7.65874743e-01, 0., 0., 0., 5.47960396e+01, 4.17014236e+01,
       8.38454723e-01 ]
