%YAML:1.0
pose_0: !!opencv-nd-matrix
   sizes: [ 1, 18, 3 ]
   dt: f
   data: [ 3.19938374e+01, 3.02776279e+01, 7.92460740e-01,
       5.61673622e+01, 6.56706772e+01, 7.51754165e-01, 4.23558578e+01,
       5.87783318e+01, 6.97648585e-01, 3.63041954e+01, 1.04545578e+02,
       6.78597152e-01, 2.42420273e+01, 1.38265228e+02, 7.73078322e-01,
       6.74050674e+01, 7.17405090e+01, 6.79368079e-01, 7.25999298e+01,
       1.27008827e+02, 8.19478989e-01, 6.57170486e+01, 1.74536957e+02,
       7.97068834e-01, 3.71283302e+01, 1.60713928e+02, 5.49655080e-01,
       4.83865852e+01, 2.21202087e+02, 4.93959010e-01, 8.81408005e+01,
       2.50590530e+02, 6.33084118e-01, 5.18762589e+01, 1.63332550e+02,
       5.69992721e-01, 4.40841904e+01, 2.22940079e+02, 6.76774800e-01,
       4.40386658e+01, 2.90334381e+02, 6.70022845e-01, 0., 0., 0.,
       3.80292320e+01, 2.59427299e+01, 8.31887186e-01, 0., 0., 0.,
       5.26966438e+01, 3.45742607e+01, 7.97016501e-01 ]
