<?xml version="1.0"?>
<opencv_storage>
<pose_0 type_id="opencv-nd-matrix">
  <sizes>
    1 18 3</sizes>
  <dt>f</dt>
  <data>
    5.70243568e+01 2.43598919e+01 9.04298663e-01 6.88589859e+01
    4.86952095e+01 7.05317736e-01 3.89584160e+01 4.73025551e+01
    6.19418800e-01 2.29520016e+01 8.62547607e+01 6.12607539e-01
    2.06202388e+00 1.18255898e+02 5.57393253e-01 9.80846558e+01
    5.21668892e+01 6.31604671e-01 1.13379105e+02 8.62615662e+01
    7.67202020e-01 1.07847847e+02 1.20361778e+02 7.82764792e-01
    3.61592102e+01 1.17567627e+02 4.09843028e-01 3.68813934e+01
    1.80874161e+02 6.16154015e-01 4.80218124e+01 2.36544662e+02
    7.46068239e-01 7.99746628e+01 1.18971100e+02 5.04486501e-01
    5.84552422e+01 1.76006592e+02 6.74062014e-01 8.69679947e+01
    2.17045258e+02 5.29295385e-01 5.14622612e+01 1.94745445e+01
    8.47416997e-01 6.32991982e+01 1.94710102e+01 8.59493732e-01
    4.31237869e+01 2.50606461e+01 4.50850785e-01 7.72089844e+01
    2.43432007e+01 5.84548771e-01</data></pose_0>
</opencv_storage>
