<?xml version="1.0"?>
<opencv_storage>
<pose_0 type_id="opencv-nd-matrix">
  <sizes>
    1 18 3</sizes>
  <dt>f</dt>
  <data>
    5.56452179e+01 3.68766441e+01 8.58847976e-01 6.32781906e+01
    6.81552963e+01 7.19604373e-01 3.27020645e+01 6.95429993e+01
    6.02446139e-01 1.87716274e+01 1.05043045e+02 3.44308555e-01
    2.05541563e+00 1.37051559e+02 1.72704846e-01 9.39051743e+01
    6.74675217e+01 5.57720184e-01 1.09226578e+02 1.01571541e+02
    3.74581724e-01 1.12675339e+02 1.30102539e+02 5.70697784e-01
    3.61944580e+01 1.31484222e+02 4.08283442e-01 2.43370304e+01
    1.90604111e+02 5.53260326e-01 0. 0. 0. 8.00051422e+01 1.34943649e+02
    3.91969144e-01 8.55856552e+01 1.92710663e+02 6.08455598e-01
    8.55922012e+01 2.42098785e+02 5.13415337e-01 5.00786209e+01
    3.19956760e+01 8.39405179e-01 6.26054878e+01 3.26840439e+01
    8.24297071e-01 4.17117424e+01 3.82743835e+01 6.12650156e-01
    7.51189194e+01 3.75747414e+01 6.86096787e-01</data></pose_0>
</opencv_storage>
