<?xml version="1.0"?>
<opencv_storage>
<pose_0 type_id="opencv-nd-matrix">
  <sizes>
    1 18 3</sizes>
  <dt>f</dt>
  <data>
    2.85264759e+01 8.20946274e+01 8.50710809e-01 5.77188759e+01
    1.13364769e+02 6.33359075e-01 2.98922119e+01 1.13389442e+02
    5.61326563e-01 1.39293528e+01 1.48863251e+02 2.28691861e-01
    1.73303294e+00 1.49568054e+02 5.17382994e-02 8.62663803e+01
    1.12685410e+02 4.63715494e-01 9.74124374e+01 1.69055389e+02
    7.23085463e-01 4.73200226e+01 2.05224762e+02 6.86236382e-01
    2.78294792e+01 2.05218781e+02 2.69642532e-01 0. 0. 0. 0. 0. 0.
    8.14021988e+01 2.17738098e+02 1.89281136e-01 0. 0. 0. 0. 0. 0.
    2.36338005e+01 7.58332138e+01 8.05430532e-01 3.54993935e+01
    7.51549149e+01 8.38212609e-01 0. 0. 0. 5.77351532e+01 7.86136475e+01
    5.71089745e-01</data></pose_0>
</opencv_storage>
