<?xml version="1.0"?>
<opencv_storage>
<pose_0 type_id="opencv-nd-matrix">
  <sizes>
    1 18 3</sizes>
  <dt>f</dt>
  <data>
    3.13052273e+01 7.23613205e+01 8.57483089e-01 5.49544411e+01
    1.02966019e+02 6.96014941e-01 2.43699436e+01 1.02276047e+02
    6.47493541e-01 2.05996513e+00 1.39132584e+02 3.30649614e-01 0. 0. 0.
    8.76533279e+01 1.05741402e+02 5.49801230e-01 1.20341583e+02
    1.37729141e+02 6.99732244e-01 1.45393326e+02 1.66956680e+02
    1.31238878e-01 3.82667122e+01 1.82260437e+02 3.22750390e-01
    6.88482056e+01 2.41383484e+02 5.85837364e-01 1.18927925e+02
    2.53941650e+02 7.14657605e-02 7.44472504e+01 1.76697037e+02
    4.12361801e-01 3.96535873e+01 2.41386795e+02 5.83030641e-01 0. 0. 0.
    2.98867168e+01 6.61002731e+01 7.45709777e-01 4.03560295e+01
    6.81807556e+01 7.98459530e-01 0. 0. 0. 5.91243782e+01 7.37444763e+01
    5.83271384e-01</data></pose_0>
</opencv_storage>
