<?xml version="1.0"?>
<opencv_storage>
<pose_0 type_id="opencv-nd-matrix">
  <sizes>
    1 18 3</sizes>
  <dt>f</dt>
  <data>
    5.84534645e+01 3.20102921e+01 8.41089129e-01 6.81770935e+01
    5.84365578e+01 7.48732924e-01 4.03311310e+01 5.77202644e+01
    6.45545840e-01 1.80954990e+01 8.76639481e+01 6.61671519e-01
    2.05399656e+00 1.12698776e+02 1.31977364e-01 9.66878052e+01
    6.25855751e+01 6.65057182e-01 1.08504166e+02 9.59884491e+01
    7.67679095e-01 9.11183090e+01 1.24544960e+02 7.48883367e-01
    3.96464043e+01 1.19656990e+02 4.28621590e-01 4.52270241e+01
    1.80186722e+02 5.98185062e-01 5.84187889e+01 2.33743408e+02
    4.99601334e-01 7.65206146e+01 1.23130264e+02 4.68642920e-01
    5.77311745e+01 1.75332199e+02 6.42498076e-01 6.46855621e+01
    2.29562286e+02 4.86688256e-01 5.35624962e+01 2.85185452e+01
    8.18839669e-01 6.60953293e+01 2.91981201e+01 7.74534225e-01
    4.66163101e+01 3.33996925e+01 3.39619696e-01 8.06855621e+01
    3.47740288e+01 6.73489332e-01</data></pose_0>
</opencv_storage>
