<?xml version="1.0"?>
<opencv_storage>
<pose_0 type_id="opencv-nd-matrix">
  <sizes>
    1 18 3</sizes>
  <dt>f</dt>
  <data>
    6.47028046e+01 3.47542801e+01 8.66745234e-01 7.30311356e+01
    6.53878632e+01 7.15918601e-01 4.10592041e+01 6.88422852e+01
    6.45555079e-01 2.57549763e+01 1.05736656e+02 6.44563615e-01
    8.35997009e+00 1.35672180e+02 6.83837533e-01 1.03652214e+02
    6.40026779e+01 6.18857503e-01 1.23817757e+02 9.94739532e+01
    3.04842174e-01 1.10613823e+02 1.25924133e+02 3.15615416e-01
    4.66095924e+01 1.27306709e+02 4.43564922e-01 3.54734612e+01
    1.82270493e+02 6.45902514e-01 2.08653755e+01 2.42087631e+02
    4.39981937e-01 8.83510437e+01 1.30784912e+02 4.17330742e-01
    9.04297256e+01 1.91289520e+02 6.66756630e-01 8.90410385e+01
    2.41406921e+02 6.01125181e-01 5.91206818e+01 2.92273750e+01
    8.62515569e-01 7.30529861e+01 2.98873348e+01 8.37824345e-01
    5.21494102e+01 3.47807999e+01 5.64165831e-01 8.55533295e+01
    3.54486008e+01 6.80805922e-01</data></pose_0>
</opencv_storage>
