<?xml version="1.0"?>
<opencv_storage>
<pose_0 type_id="opencv-nd-matrix">
  <sizes>
    1 18 3</sizes>
  <dt>f</dt>
  <data>
    6.05274963e+01 5.77503662e+01 9.00150478e-01 6.40025330e+01
    8.62631607e+01 7.48417318e-01 3.40926323e+01 8.55759811e+01
    6.13478124e-01 9.03508091e+00 1.13375664e+02 4.81195360e-01
    2.06086516e+00 1.26599388e+02 3.54210019e-01 9.74080505e+01
    8.69583817e+01 5.49630702e-01 1.18248016e+02 1.30069931e+02
    6.52078688e-01 9.11559372e+01 1.57891678e+02 6.95930123e-01
    3.61705399e+01 1.61394424e+02 3.66954207e-01 3.61802406e+01
    2.10092621e+02 1.45123631e-01 0. 0. 0. 7.79158630e+01 1.68352890e+02
    3.87381852e-01 5.63476562e+01 2.13564850e+02 4.55593288e-01
    5.35728912e+01 2.53934006e+02 5.60108759e-02 5.49608574e+01
    5.22032776e+01 8.89583826e-01 6.88774719e+01 5.28931618e+01
    8.71884525e-01 4.52204170e+01 5.84141502e+01 6.94266200e-01
    8.20966263e+01 5.91366653e+01 6.56156003e-01</data></pose_0>
</opencv_storage>
