<?xml version="1.0"?>
<opencv_storage>
<pose_0 type_id="opencv-nd-matrix">
  <sizes>
    1 18 3</sizes>
  <dt>f</dt>
  <data>
    5.91508102e+01 5.07708282e+01 7.99986959e-01 7.44559937e+01
    7.37323303e+01 7.20709741e-01 4.73129845e+01 7.37312622e+01
    5.91807008e-01 3.54606438e+01 1.17557396e+02 5.76576352e-01
    1.80993271e+01 1.48183594e+02 6.90310657e-01 1.02232216e+02
    7.44527435e+01 6.60931408e-01 1.14108284e+02 1.09927780e+02
    7.57667303e-01 1.06429253e+02 1.41887054e+02 8.42564583e-01
    4.73022957e+01 1.41906586e+02 4.98918444e-01 3.27096863e+01
    1.95470322e+02 6.84413970e-01 4.31226234e+01 2.49059189e+02
    4.66487646e-01 8.83555145e+01 1.44004974e+02 4.74384099e-01
    9.18423386e+01 2.02440460e+02 7.50641704e-01 9.18377533e+01
    2.53921280e+02 5.42040527e-01 5.49576569e+01 4.65946960e+01
    7.27578580e-01 6.74776077e+01 4.65914192e+01 7.99700081e-01
    4.94006538e+01 5.14723701e+01 9.93102491e-02 8.34664307e+01
    4.93925018e+01 5.48656344e-01</data></pose_0>
</opencv_storage>
