<?xml version="1.0"?>
<opencv_storage>
<pose_0 type_id="opencv-nd-matrix">
  <sizes>
    2 18 3</sizes>
  <dt>f</dt>
  <data>
    3.75559349e+01 7.16581039e+01 8.71177375e-01 6.05269890e+01
    9.74101715e+01 7.16280460e-01 3.54910469e+01 9.73717346e+01
    5.47185481e-01 2.01891384e+01 1.19642159e+02 5.54043762e-02 0. 0. 0.
    8.69488983e+01 1.00175850e+02 5.90241313e-01 9.32312393e+01
    1.41184784e+02 7.37093747e-01 7.02835999e+01 1.73911209e+02
    7.38292992e-01 3.06272011e+01 1.69029556e+02 4.86966163e-01
    3.47800064e+01 2.33741760e+02 6.57976866e-01 0. 0. 0. 7.16454315e+01
    1.70442108e+02 3.90466213e-01 5.63539467e+01 2.30945358e+02
    6.49084866e-01 1.10600403e+02 2.53922623e+02 4.05889362e-01
    3.54473572e+01 6.74633408e+01 7.89298534e-01 4.45104218e+01
    6.74795074e+01 8.22299242e-01 0. 0. 0. 6.12280731e+01 6.95896988e+01
    6.09377325e-01 4.03541565e+01 2.98881378e+01 6.56877279e-01
    3.19922676e+01 4.03425827e+01 7.11585879e-01 1.94871235e+01
    4.10652885e+01 6.64213300e-01 6.95782423e+00 5.35560875e+01
    4.09244806e-01 0. 0. 0. 4.59005280e+01 3.68851051e+01 6.17111742e-01
    6.05186577e+01 3.68769798e+01 4.21516359e-01 6.46880798e+01
    2.92149315e+01 3.91995430e-01 1.87765942e+01 7.44270706e+01
    5.23748361e-02 0. 0. 0. 0. 0. 0. 0. 0. 0. 0. 0. 0. 0. 0. 0.
    3.68635178e+01 2.64525661e+01 6.72064662e-01 4.03480034e+01
    2.92042542e+01 1.80644453e-01 3.05877914e+01 2.98994656e+01
    8.47836494e-01 0. 0. 0.</data></pose_0>
</opencv_storage>
