<?xml version="1.0"?>
<opencv_storage>
<pose_0 type_id="opencv-nd-matrix">
  <sizes>
    1 18 3</sizes>
  <dt>f</dt>
  <data>
    6.39884682e+01 2.15653744e+01 8.69134605e-01 6.88657532e+01
    5.14833946e+01 7.30165958e-01 3.68808594e+01 5.21416740e+01
    6.49709880e-01 1.94868584e+01 8.07160950e+01 5.95357001e-01
    2.05966997e+00 1.00867744e+02 2.58489192e-01 1.00861931e+02
    5.21821098e+01 6.03537798e-01 1.16872749e+02 8.69547958e+01
    5.70238471e-01 1.02259323e+02 1.19631081e+02 6.56081200e-01
    4.10465775e+01 1.15484985e+02 4.07238036e-01 4.65942574e+01
    1.76701019e+02 5.25724530e-01 5.98178291e+01 2.30967514e+02
    4.06660974e-01 8.06875534e+01 1.19662163e+02 4.42560762e-01
    5.70509453e+01 1.74626831e+02 5.48798978e-01 6.12199669e+01
    2.32344421e+02 4.62551326e-01 5.84532509e+01 1.80624466e+01
    8.53194714e-01 7.02755737e+01 1.73869705e+01 7.74670243e-01
    5.21589088e+01 2.29404850e+01 5.11724710e-01 8.55531693e+01
    2.29379997e+01 6.63890362e-01</data></pose_0>
</opencv_storage>
