<?xml version="1.0"?>
<opencv_storage>
<pose_0 type_id="opencv-nd-matrix">
  <sizes>
    1 18 3</sizes>
  <dt>f</dt>
  <data>
    6.95650330e+01 3.54477539e+01 9.24434066e-01 7.65244827e+01
    5.70249863e+01 6.58243537e-01 5.00956230e+01 5.70378380e+01
    6.41565621e-01 3.40905800e+01 9.18303986e+01 7.36770630e-01 0. 0. 0.
    1.06440224e+02 5.77151604e+01 5.90835154e-01 1.20343307e+02
    9.18111572e+01 6.65865600e-01 1.18941116e+02 1.29388290e+02
    7.81981230e-01 5.21584435e+01 1.18267670e+02 5.08493423e-01
    5.77655602e+01 1.76014099e+02 6.09517217e-01 6.95971298e+01
    2.31644928e+02 5.96634209e-01 9.04170303e+01 1.21743599e+02
    4.73791718e-01 6.33249054e+01 1.75297318e+02 6.01490915e-01
    7.37302628e+01 2.31660538e+02 5.86081028e-01 6.40229645e+01
    3.05776653e+01 9.00089502e-01 7.51302567e+01 2.99376926e+01
    8.77417088e-01 5.77424812e+01 3.47652664e+01 5.96621394e-01
    8.62671738e+01 3.27022820e+01 5.79210401e-01</data></pose_0>
</opencv_storage>
