<?xml version="1.0"?>
<opencv_storage>
<pose_0 type_id="opencv-nd-matrix">
  <sizes>
    1 18 3</sizes>
  <dt>f</dt>
  <data>
    4.80218391e+01 3.40974808e+01 8.46963525e-01 6.46965485e+01
    5.56530113e+01 6.84418678e-01 4.10175285e+01 5.56492844e+01
    6.25791550e-01 1.46109810e+01 8.48670197e+01 4.97371078e-01
    2.05480123e+00 1.03648491e+02 8.58918503e-02 9.18366776e+01
    5.70218658e+01 6.03847861e-01 1.09925186e+02 9.18357468e+01
    7.71439493e-01 1.20338501e+02 1.27304146e+02 7.15973675e-01
    4.10556107e+01 1.23821129e+02 5.15057445e-01 6.88505096e+01
    1.83646423e+02 6.59835637e-01 9.11172028e+01 2.28855209e+02
    7.39213109e-01 7.30518341e+01 1.25233055e+02 5.31013668e-01
    4.73233414e+01 1.85048706e+02 7.13661432e-01 2.43590889e+01
    2.42801071e+02 6.96318388e-01 4.59122887e+01 2.98802223e+01
    8.07670295e-01 5.56462097e+01 2.92301865e+01 8.07572424e-01 0. 0. 0.
    7.02688599e+01 3.06399498e+01 5.91158211e-01</data></pose_0>
</opencv_storage>
