<?xml version="1.0"?>
<opencv_storage>
<pose_0 type_id="opencv-nd-matrix">
  <sizes>
    1 18 3</sizes>
  <dt>f</dt>
  <data>
    3.40893745e+01 5.21426506e+01 8.91801775e-01 4.38201065e+01
    7.65288620e+01 6.65029645e-01 1.46304369e+01 7.79087830e+01
    6.29141629e-01 0. 0. 0. 0. 0. 0. 7.44405518e+01 7.92818069e+01
    6.09887481e-01 9.66655960e+01 1.05042221e+02 7.49483109e-01
    9.73667221e+01 1.40523880e+02 6.83938146e-01 1.87563267e+01
    1.36361618e+02 4.21037972e-01 7.61896944e+00 1.89214783e+02
    5.13643682e-01 2.04792500e+00 2.44177155e+02 1.60330027e-01
    5.98345604e+01 1.39135620e+02 3.99520308e-01 6.95727463e+01
    1.92029480e+02 7.18345225e-01 8.97485123e+01 2.29563354e+02
    6.81656122e-01 2.91904488e+01 4.66042671e+01 8.93399715e-01
    4.10218048e+01 4.66228943e+01 8.89118493e-01 2.08660698e+01
    5.14728622e+01 5.89208901e-01 5.28780327e+01 5.07878113e+01
    5.92018723e-01</data></pose_0>
</opencv_storage>
