<?xml version="1.0"?>
<opencv_storage>
<pose_0 type_id="opencv-nd-matrix">
  <sizes>
    2 18 3</sizes>
  <dt>f</dt>
  <data>
    4.31467476e+01 6.25892982e+01 8.68409693e-01 6.32866707e+01
    8.55389862e+01 7.77702510e-01 3.61945038e+01 8.55685654e+01
    6.80058122e-01 1.39167118e+01 1.16184563e+02 7.68458366e-01
    2.05041718e+00 1.30775864e+02 1.07658617e-01 8.97480392e+01
    8.55687103e+01 6.80233240e-01 1.09205490e+02 1.13406136e+02
    8.23321342e-01 1.18265518e+02 1.44000793e+02 8.16157997e-01
    4.72897911e+01 1.42615952e+02 5.36588967e-01 7.16631241e+01
    1.85717468e+02 7.02131391e-01 9.66762695e+01 2.23286209e+02
    7.80198634e-01 7.65164490e+01 1.41894806e+02 5.62697351e-01
    4.52197113e+01 1.91292389e+02 7.68585503e-01 2.98775730e+01
    2.42083984e+02 7.54989088e-01 4.10670166e+01 5.77504196e+01
    8.69492352e-01 4.93801842e+01 5.77387428e+01 8.77628446e-01 0. 0. 0.
    6.47034760e+01 5.84658813e+01 6.47274315e-01 1.00877289e+02
    2.22781849e+01 2.02035919e-01 9.59716415e+01 2.98971310e+01
    4.56748903e-01 8.76404800e+01 3.05744762e+01 3.68084371e-01
    8.07105408e+01 4.24306030e+01 2.12350965e-01 8.48787766e+01
    5.28485680e+01 8.56919289e-02 1.02218048e+02 2.99252968e+01
    3.60539377e-01 1.02953323e+02 4.10258598e+01 7.16405064e-02 0. 0. 0.
    9.18137512e+01 5.21867371e+01 2.09555179e-01 0. 0. 0. 0. 0. 0.
    1.00867226e+02 5.21613655e+01 1.71577170e-01 0. 0. 0. 0. 0. 0.
    1.00173950e+02 2.02077904e+01 2.22050190e-01 0. 0. 0. 9.66633148e+01
    2.22606583e+01 3.33758920e-01 0. 0. 0.</data></pose_0>
</opencv_storage>
