<?xml version="1.0"?>
<opencv_storage>
<pose_0 type_id="opencv-nd-matrix">
  <sizes>
    2 18 3</sizes>
  <dt>f</dt>
  <data>
    5.84389114e+01 5.21594124e+01 9.26594734e-01 6.12075386e+01
    7.58513565e+01 7.15061247e-01 3.61898422e+01 7.51550827e+01
    6.69989109e-01 1.80734291e+01 9.80979309e+01 2.38429427e-01
    2.06476521e+00 1.15475449e+02 1.51360393e-01 8.62515106e+01
    7.92913361e+01 6.85804307e-01 1.00180763e+02 1.08549080e+02
    6.86110556e-01 9.73911285e+01 1.40521408e+02 7.49243557e-01
    4.10352592e+01 1.27313324e+02 4.63266939e-01 2.99224110e+01
    1.41919464e+02 2.24957764e-01 4.10001450e+01 1.81568192e+02
    2.10158184e-01 7.44406357e+01 1.32863693e+02 4.93820012e-01
    5.21608887e+01 1.75316284e+02 6.21521771e-01 4.17410851e+01
    2.37221146e+02 6.33950651e-01 5.28847275e+01 4.72899323e+01
    9.00352418e-01 6.47017288e+01 4.72869644e+01 8.47817123e-01
    4.52140160e+01 5.21787224e+01 6.64691806e-01 7.51197739e+01
    5.21688614e+01 7.05829263e-01 0. 0. 0. 0. 0. 0. 0. 0. 0. 0. 0. 0. 0.
    0. 0. 1.59875193e+01 9.18053970e+01 1.17784202e-01 1.32452555e+01
    1.03650391e+02 2.92836785e-01 2.05875587e+00 1.18256348e+02
    1.90355211e-01 0. 0. 0. 0. 0. 0. 0. 0. 0. 0. 0. 0. 0. 0. 0. 0. 0. 0.
    0. 0. 0. 0. 0. 0. 0. 0. 0. 0. 0. 0.</data></pose_0>
</opencv_storage>
