<?xml version="1.0"?>
<opencv_storage>
<pose_0 type_id="opencv-nd-matrix">
  <sizes>
    1 18 3</sizes>
  <dt>f</dt>
  <data>
    4.86865311e+01 3.34030190e+01 8.15788031e-01 6.26092148e+01
    5.70184631e+01 6.80043221e-01 3.40808754e+01 5.70535049e+01
    6.44395471e-01 1.18126049e+01 8.97402039e+01 6.81971014e-01
    2.05048227e+00 1.05741264e+02 9.15920138e-02 9.18252335e+01
    5.77364883e+01 5.89355350e-01 1.09923386e+02 9.18402939e+01
    7.43770003e-01 1.11986298e+02 1.30090714e+02 8.10742855e-01
    3.61738014e+01 1.22435287e+02 4.98166651e-01 5.84414139e+01
    1.78770584e+02 5.71139276e-01 7.44562683e+01 2.30948761e+02
    7.15742230e-01 7.44066544e+01 1.24505447e+02 5.09443760e-01
    4.17281876e+01 1.76694855e+02 6.69869661e-01 4.03237190e+01
    2.41398880e+02 5.73339164e-01 4.31380310e+01 2.92055264e+01
    8.10483575e-01 5.49638596e+01 2.85053635e+01 7.71606326e-01
    3.75704727e+01 3.13135395e+01 2.19894573e-01 6.95937271e+01
    2.99326611e+01 5.99507570e-01</data></pose_0>
</opencv_storage>
