<?xml version="1.0"?>
<opencv_storage>
<pose_0 type_id="opencv-nd-matrix">
  <sizes>
    1 18 3</sizes>
  <dt>f</dt>
  <data>
    5.21522408e+01 4.52083626e+01 8.37972403e-01 6.19180412e+01
    8.06805649e+01 6.23987556e-01 2.01713295e+01 8.34741440e+01
    4.44595069e-01 2.06106043e+00 1.18949051e+02 2.76717514e-01
    2.05339479e+00 1.37745712e+02 5.14896587e-02 1.04342323e+02
    8.13973083e+01 4.74956661e-01 1.19679703e+02 1.24524567e+02
    2.91861892e-01 1.19671432e+02 1.71129196e+02 3.13490927e-01
    3.47668610e+01 1.55823883e+02 3.50220054e-01 3.06265831e+01
    2.37225098e+02 3.40097457e-01 0. 0. 0. 8.13913269e+01 1.57907669e+02
    2.95171350e-01 6.26182976e+01 2.40691864e+02 2.63575435e-01 0. 0. 0.
    4.52183685e+01 3.82519989e+01 7.96668112e-01 5.84602318e+01
    3.75714912e+01 7.76044250e-01 3.61775208e+01 4.24327431e+01
    4.55596864e-01 7.65138168e+01 4.24425240e+01 5.46929598e-01</data></pose_0>
</opencv_storage>
