<?xml version="1.0"?>
<opencv_storage>
<pose_0 type_id="opencv-nd-matrix">
  <sizes>
    1 18 3</sizes>
  <dt>f</dt>
  <data>
    5.77683220e+01 4.10202522e+01 9.06278491e-01 5.84214592e+01
    6.95633316e+01 7.82789946e-01 2.99307404e+01 6.88674240e+01
    6.36383414e-01 1.39055977e+01 9.73973007e+01 1.75884873e-01
    2.06294298e+00 1.06438477e+02 5.17654978e-02 8.69687881e+01
    7.23404694e+01 6.00672126e-01 1.03651817e+02 1.05735573e+02
    3.88941735e-01 9.87886734e+01 1.37745438e+02 5.87368011e-01
    3.26919212e+01 1.30774277e+02 3.96425903e-01 4.79972076e+01
    1.85037781e+02 2.97471106e-01 6.88403473e+01 2.36504059e+02
    5.86220920e-01 7.37330627e+01 1.35657318e+02 4.63369817e-01
    4.80077553e+01 1.80879059e+02 5.74939191e-01 3.54570007e+01
    2.53919998e+02 4.39281225e-01 5.21888885e+01 3.54831429e+01
    9.15253758e-01 6.47074127e+01 3.54957123e+01 8.54472280e-01
    4.24396515e+01 4.10338326e+01 7.21325040e-01 7.51469116e+01
    4.17123642e+01 7.04829752e-01</data></pose_0>
</opencv_storage>
