<?xml version="1.0"?>
<opencv_storage>
<pose_0 type_id="opencv-nd-matrix">
  <sizes>
    1 18 3</sizes>
  <dt>f</dt>
  <data>
    7.09663620e+01 2.36428223e+01 8.34832311e-01 7.44146271e+01
    4.93939247e+01 7.33492434e-01 4.59091759e+01 5.00945435e+01
    6.17744565e-01 2.43173428e+01 8.07140121e+01 6.00541174e-01
    2.06052780e+00 1.07839348e+02 5.45506179e-01 1.02272919e+02
    5.00846748e+01 6.33192956e-01 1.19646202e+02 8.62547455e+01
    6.97925389e-01 1.14088295e+02 1.21048286e+02 6.57567084e-01
    5.14606552e+01 1.16867950e+02 4.12570685e-01 6.19019928e+01
    1.75303329e+02 4.85474974e-01 7.30286179e+01 2.35825073e+02
    4.40214962e-01 9.04158401e+01 1.19658195e+02 4.29013997e-01
    6.19054260e+01 1.75310745e+02 5.82181096e-01 5.14762001e+01
    2.45560776e+02 2.72991478e-01 6.60892868e+01 1.87622757e+01
    8.35513473e-01 7.79055176e+01 1.87571735e+01 8.27950716e-01
    5.77555313e+01 2.29671860e+01 6.88935637e-01 8.97425766e+01
    2.22649632e+01 6.26717985e-01</data></pose_0>
</opencv_storage>
