<?xml version="1.0"?>
<opencv_storage>
<pose_0 type_id="opencv-nd-matrix">
  <sizes>
    1 18 3</sizes>
  <dt>f</dt>
  <data>
    2.98958855e+01 7.79127655e+01 8.81163239e-01 5.70365028e+01
    1.11301285e+02 5.82696080e-01 2.57337952e+01 1.13367035e+02
    5.63698709e-01 1.38967733e+01 1.46777832e+02 1.93956256e-01 0. 0. 0.
    8.90360565e+01 1.11999374e+02 4.27336872e-01 8.55616989e+01
    1.67640656e+02 6.66512609e-01 3.75591354e+01 2.01724182e+02
    6.65749907e-01 2.85195599e+01 2.06610641e+02 2.23524511e-01 0. 0. 0.
    0. 0. 0. 7.72149963e+01 2.10785202e+02 2.08085120e-01 0. 0. 0. 0. 0.
    0. 2.43669796e+01 7.16442490e+01 7.83320487e-01 3.62027359e+01
    7.02643967e+01 7.80735314e-01 0. 0. 0. 5.84249725e+01 7.37406158e+01
    5.46237350e-01</data></pose_0>
</opencv_storage>
