<?xml version="1.0"?>
<opencv_storage>
<pose_0 type_id="opencv-nd-matrix">
  <sizes>
    1 18 3</sizes>
  <dt>f</dt>
  <data>
    6.33131294e+01 2.36322842e+01 9.10886168e-01 6.95848846e+01
    5.07733040e+01 7.05084026e-01 4.17202225e+01 4.93999748e+01
    6.08097613e-01 2.01832848e+01 9.18303833e+01 4.31459516e-01 0. 0. 0.
    1.01550461e+02 5.21440277e+01 6.07600808e-01 1.19680351e+02
    8.55721970e+01 6.75880492e-01 1.09212082e+02 1.19685722e+02
    6.97870910e-01 4.17550545e+01 1.17561302e+02 4.44002151e-01
    3.06202450e+01 1.69749619e+02 5.12329578e-01 4.59160385e+01
    2.30959229e+02 3.41089040e-01 8.41815414e+01 1.21051979e+02
    4.54650283e-01 8.34673233e+01 1.84340561e+02 6.12479031e-01
    7.02731857e+01 2.42079773e+02 4.37485129e-01 5.77629356e+01
    1.80901661e+01 8.54196906e-01 7.02780304e+01 1.87693043e+01
    8.57536674e-01 5.14605064e+01 2.22650509e+01 4.03521150e-01
    8.27860718e+01 2.43353558e+01 6.78659678e-01</data></pose_0>
</opencv_storage>
