<?xml version="1.0"?>
<opencv_storage>
<pose_0 type_id="opencv-nd-matrix">
  <sizes>
    2 18 3</sizes>
  <dt>f</dt>
  <data>
    2.43596573e+01 7.09682388e+01 9.04579937e-01 4.59217415e+01
    1.01547455e+02 6.79053307e-01 1.87656403e+01 1.01569229e+02
    6.03524745e-01 6.94090605e+00 1.41219604e+02 5.19660473e-01
    2.05292487e+00 1.52346802e+02 7.45733827e-02 7.51447525e+01
    1.02261154e+02 5.95470309e-01 1.02260498e+02 1.38428665e+02
    7.43712008e-01 1.11304840e+02 1.74632278e+02 8.18619311e-01
    2.92003365e+01 1.74611465e+02 4.53002542e-01 2.85114288e+01
    2.39986328e+02 6.70636654e-01 9.74042206e+01 2.53930954e+02
    1.03599668e-01 6.47069702e+01 1.73908051e+02 4.29500252e-01
    4.72946129e+01 2.35831726e+02 6.83483958e-01 9.53113861e+01
    2.53935486e+02 7.99313933e-02 2.08640099e+01 6.60791550e+01
    8.17060232e-01 3.13007851e+01 6.81517181e+01 8.27614427e-01 0. 0. 0.
    4.93969841e+01 7.23534012e+01 5.54711819e-01 0. 0. 0. 7.30467072e+01
    3.06175919e+01 3.20498198e-01 7.44671173e+01 3.06415405e+01
    4.35508668e-01 7.99911957e+01 4.17229919e+01 1.60476565e-01 0. 0. 0.
    7.02640610e+01 3.05912895e+01 1.98253557e-01 0. 0. 0. 0. 0. 0.
    6.88389587e+01 4.73049927e+01 1.54698059e-01 0. 0. 0. 0. 0. 0.
    6.32889404e+01 4.65951385e+01 1.22384623e-01 0. 0. 0. 0. 0. 0. 0. 0.
    0. 0. 0. 0. 7.78928146e+01 2.43575382e+01 1.60014331e-01 0. 0. 0.</data></pose_0>
</opencv_storage>
