<?xml version="1.0"?>
<opencv_storage>
<pose_0 type_id="opencv-nd-matrix">
  <sizes>
    1 18 3</sizes>
  <dt>f</dt>
  <data>
    4.24596100e+01 5.84335938e+01 8.87016654e-01 6.67893906e+01
    8.48551254e+01 6.17463946e-01 3.89491196e+01 8.55577774e+01
    4.91690993e-01 2.43583374e+01 1.30080002e+02 5.01546264e-01 0. 0. 0.
    9.67071762e+01 8.48747940e+01 5.27747571e-01 1.14770210e+02
    1.25221809e+02 7.75812089e-01 1.02938881e+02 1.61400909e+02
    7.80627131e-01 3.54722595e+01 1.61396774e+02 4.08836156e-01
    1.87911987e+01 2.19115784e+02 6.52394831e-01 3.68837013e+01
    2.53947342e+02 5.69881313e-02 8.13871460e+01 1.63476669e+02
    4.10508931e-01 8.62944412e+01 2.30960556e+02 6.11868620e-01 0. 0. 0.
    3.75685844e+01 5.29062386e+01 7.76354074e-01 5.00839691e+01
    5.28545418e+01 7.84723818e-01 2.98813076e+01 5.77272110e+01
    1.75698757e-01 6.60800247e+01 5.35797691e+01 5.22038996e-01</data></pose_0>
</opencv_storage>
