<?xml version="1.0"?>
<opencv_storage>
<pose_0 type_id="opencv-nd-matrix">
  <sizes>
    1 18 3</sizes>
  <dt>f</dt>
  <data>
    5.77107201e+01 2.01711960e+01 8.88216853e-01 6.33026428e+01
    5.28809967e+01 8.03372025e-01 3.68723984e+01 5.35598984e+01
    6.72196329e-01 2.50239258e+01 8.55417252e+01 7.14830220e-01
    1.25070477e+01 1.08545456e+02 7.46335804e-01 8.97292709e+01
    5.28836861e+01 6.71977818e-01 1.02233162e+02 8.90493393e+01
    5.23548841e-01 9.74225464e+01 1.20346474e+02 6.30075932e-01
    4.03479042e+01 1.14783318e+02 4.86305743e-01 3.54595070e+01
    1.70436188e+02 5.82275689e-01 3.47552490e+01 2.35136246e+02
    6.85940146e-01 7.58436127e+01 1.20355583e+02 4.64953989e-01
    7.51108170e+01 1.80873474e+02 7.11682916e-01 9.74160538e+01
    2.22603668e+02 4.29879665e-01 5.22007675e+01 1.59942293e+01
    8.50712478e-01 6.33182106e+01 1.66824856e+01 8.37187171e-01
    4.65875511e+01 2.15664749e+01 4.94864881e-01 7.44295959e+01
    2.15665226e+01 7.08489239e-01</data></pose_0>
</opencv_storage>
