<?xml version="1.0"?>
<opencv_storage>
<pose_0 type_id="opencv-nd-matrix">
  <sizes>
    1 18 3</sizes>
  <dt>f</dt>
  <data>
    6.32896080e+01 6.47108231e+01 9.14296865e-01 6.39906921e+01
    1.00177399e+02 7.08549798e-01 3.06125717e+01 9.94734192e+01
    5.73681235e-01 0. 0. 0. 0. 0. 0. 9.87758408e+01 1.02954079e+02
    5.64337552e-01 1.16864449e+02 1.38433075e+02 6.07884705e-01
    9.18504715e+01 1.66962463e+02 6.61900520e-01 3.68766556e+01
    1.69741684e+02 3.84014785e-01 3.40882454e+01 2.23997208e+02
    2.32982084e-01 3.68641396e+01 2.43484833e+02 1.06165700e-01
    7.92882309e+01 1.72520020e+02 3.42252254e-01 5.28791885e+01
    2.26095245e+02 3.81556183e-01 0. 0. 0. 5.70469093e+01 5.91172333e+01
    8.90425324e-01 6.95846329e+01 6.19190483e+01 8.47168326e-01
    4.45099678e+01 6.47180099e+01 7.39619374e-01 8.07154007e+01
    6.88767776e+01 6.87940955e-01</data></pose_0>
</opencv_storage>
