<?xml version="1.0"?>
<opencv_storage>
<pose_0 type_id="opencv-nd-matrix">
  <sizes>
    1 18 3</sizes>
  <dt>f</dt>
  <data>
    6.67779388e+01 3.05822334e+01 8.70267272e-01 7.02833862e+01
    5.84085884e+01 7.38970160e-01 3.96497498e+01 5.77590408e+01
    6.15627885e-01 1.80898190e+01 8.55839005e+01 6.14621043e-01
    2.06266737e+00 1.02947205e+02 4.25104082e-01 1.03653564e+02
    5.98330727e+01 6.04274511e-01 1.15475250e+02 1.00855698e+02
    6.21692538e-01 1.08538078e+02 1.32164505e+02 7.47588158e-01
    4.45178490e+01 1.20347366e+02 4.08560634e-01 6.40143814e+01
    1.80159073e+02 5.33569813e-01 8.76512375e+01 2.30253845e+02
    6.35938466e-01 8.41674271e+01 1.24518402e+02 4.59494233e-01
    5.77129936e+01 1.76692917e+02 5.33857405e-01 3.54589806e+01
    2.42076996e+02 4.62778479e-01 6.05287056e+01 2.50468407e+01
    8.65805328e-01 7.37420273e+01 2.50624466e+01 8.66612375e-01
    5.21330452e+01 3.05994225e+01 7.35448480e-01 8.55871582e+01
    3.05939465e+01 6.84178412e-01</data></pose_0>
</opencv_storage>
