<?xml version="1.0"?>
<opencv_storage>
<pose_0 type_id="opencv-nd-matrix">
  <sizes>
    1 18 3</sizes>
  <dt>f</dt>
  <data>
    5.56473656e+01 2.78238201e+01 8.04572582e-01 6.46892624e+01
    5.28997993e+01 7.35785663e-01 3.33936539e+01 5.28608627e+01
    5.85055947e-01 1.94792385e+01 9.39014969e+01 7.31881618e-01
    2.05597329e+00 1.16865952e+02 4.54870045e-01 9.67053299e+01
    5.56584435e+01 6.34736955e-01 1.09235481e+02 9.18071823e+01
    7.90863812e-01 1.14806244e+02 1.28691452e+02 7.32052803e-01
    4.10254936e+01 1.23824974e+02 4.62954372e-01 3.54673729e+01
    1.89911697e+02 6.85726523e-01 6.81782913e+01 2.14962769e+02
    1.05698176e-01 8.13844223e+01 1.25223808e+02 4.26884115e-01
    7.16513138e+01 1.86438919e+02 6.27127230e-01 6.88506546e+01
    2.46258041e+02 6.04663610e-01 5.00898170e+01 2.22730961e+01
    7.45282412e-01 6.33097496e+01 2.43125420e+01 7.91753531e-01
    4.24334946e+01 2.50584316e+01 3.84932339e-01 7.72173462e+01
    2.78334560e+01 5.60589254e-01</data></pose_0>
</opencv_storage>
