<?xml version="1.0"?>
<opencv_storage>
<pose_0 type_id="opencv-nd-matrix">
  <sizes>
    1 18 3</sizes>
  <dt>f</dt>
  <data>
    3.61574059e+01 2.99055939e+01 9.59142447e-01 5.84481316e+01
    5.70253639e+01 6.37897074e-01 3.27038498e+01 5.84439354e+01
    5.42182684e-01 2.71367035e+01 9.66853104e+01 4.61209297e-01
    1.39487877e+01 1.26612579e+02 5.97895801e-01 8.76563416e+01
    5.35772629e+01 4.78942096e-01 1.06421593e+02 9.74001312e+01
    7.33263254e-01 7.16529770e+01 1.30799988e+02 7.08807647e-01
    3.13208694e+01 1.34960876e+02 4.40926671e-01 8.32999992e+00
    1.96165146e+02 5.32188892e-01 2.43498669e+01 2.53930847e+02
    2.83867657e-01 7.86033554e+01 1.38436386e+02 3.73647690e-01
    9.04356613e+01 2.02435364e+02 6.42726302e-01 9.73742523e+01
    2.53935516e+02 2.41003141e-01 3.06309795e+01 2.43756561e+01
    8.25985432e-01 4.17677536e+01 2.43173218e+01 8.36726248e-01
    2.50743732e+01 2.85102787e+01 8.51726755e-02 6.19007988e+01
    2.50376587e+01 5.37601590e-01</data></pose_0>
</opencv_storage>
