<?xml version="1.0"?>
<opencv_storage>
<pose_0 type_id="opencv-nd-matrix">
  <sizes>
    1 18 3</sizes>
  <dt>f</dt>
  <data>
    3.26856537e+01 5.35669403e+01 9.03602958e-01 5.91371536e+01
    8.00005035e+01 6.63568139e-01 3.33897133e+01 8.00038300e+01
    5.28715730e-01 1.80878830e+01 1.11306915e+02 2.85692811e-01 0. 0. 0.
    8.76485825e+01 8.06980515e+01 4.74218339e-01 1.02273964e+02
    1.32166977e+02 7.18155742e-01 6.12232552e+01 1.64180573e+02
    7.14384496e-01 2.85238724e+01 1.66265778e+02 4.43462312e-01 0. 0. 0.
    0. 0. 0. 7.92953644e+01 1.73208359e+02 3.36591899e-01 9.66888809e+01
    2.40693695e+02 3.98357570e-01 0. 0. 0. 2.85221786e+01 4.80154457e+01
    8.25114131e-01 4.03514671e+01 4.72958412e+01 8.81111801e-01 0. 0. 0.
    5.84473000e+01 4.80027504e+01 5.53034782e-01</data></pose_0>
</opencv_storage>
