<?xml version="1.0"?>
<opencv_storage>
<pose_0 type_id="opencv-nd-matrix">
  <sizes>
    1 18 3</sizes>
  <dt>f</dt>
  <data>
    4.87089272e+01 3.12942009e+01 9.05253172e-01 6.53853073e+01
    5.56396751e+01 6.62407637e-01 3.54847412e+01 5.56611176e+01
    5.77813208e-01 1.94515915e+01 9.18214951e+01 6.88019097e-01
    2.05385160e+00 1.22435303e+02 1.87924191e-01 9.80820770e+01
    5.77184410e+01 6.23119831e-01 1.08548080e+02 9.18252869e+01
    7.13328660e-01 1.02247894e+02 1.24548401e+02 7.53925204e-01
    3.06173897e+01 1.23819252e+02 4.46702898e-01 3.89488487e+01
    1.82259338e+02 6.71657324e-01 5.28535728e+01 2.35107147e+02
    7.83915162e-01 7.44348831e+01 1.24524231e+02 5.23988008e-01
    4.86866913e+01 1.79467621e+02 6.56502724e-01 8.41657257e+01
    2.14261963e+02 5.97629130e-01 4.38314323e+01 2.71295357e+01
    7.97544599e-01 5.49495583e+01 2.50634441e+01 8.17205250e-01
    3.75797119e+01 3.06303444e+01 2.59875357e-01 7.02688751e+01
    2.57590885e+01 5.26390910e-01</data></pose_0>
</opencv_storage>
