<?xml version="1.0"?>
<opencv_storage>
<pose_0 type_id="opencv-nd-matrix">
  <sizes>
    2 18 3</sizes>
  <dt>f</dt>
  <data>
    5.70282745e+01 2.57626877e+01 8.57938766e-01 6.39847870e+01
    5.42687187e+01 7.18815267e-01 3.54674339e+01 5.49578362e+01
    6.07993782e-01 1.87582359e+01 9.66695480e+01 6.67577624e-01
    2.05655336e+00 1.24515717e+02 3.57780367e-01 9.59915085e+01
    5.42618561e+01 5.71278870e-01 1.16871468e+02 9.04234848e+01
    6.78732514e-01 1.05726883e+02 1.25919228e+02 6.23454928e-01
    3.61644897e+01 1.23822357e+02 4.51086968e-01 1.94593410e+01
    1.76699875e+02 5.46515584e-01 1.39056044e+01 2.30954453e+02
    3.09617996e-01 7.99935532e+01 1.28695572e+02 4.39363837e-01
    8.06841965e+01 1.86458679e+02 7.04055846e-01 7.44419479e+01
    2.42793259e+02 5.47505140e-01 5.14550972e+01 2.02024212e+01
    8.16413701e-01 6.39907455e+01 2.22619133e+01 8.18594635e-01
    4.24362297e+01 2.64341755e+01 4.13682669e-01 7.65226212e+01
    2.64246597e+01 6.38391852e-01 2.06376863e+00 2.05236816e+00
    2.36555174e-01 2.05957317e+00 1.39294300e+01 3.74081224e-01 0. 0. 0.
    0. 0. 0. 0. 0. 0. 1.66910763e+01 1.39040546e+01 3.63936841e-01 0. 0.
    0. 0. 0. 0. 0. 0. 0. 0. 0. 0. 0. 0. 0. 1.04351053e+01 6.53938141e+01
    6.48204833e-02 0. 0. 0. 0. 0. 0. 2.05274177e+00 2.04789281e+00
    1.17686033e-01 0. 0. 0. 0. 0. 0. 9.73589134e+00 2.04822731e+00
    1.88422397e-01</data></pose_0>
</opencv_storage>
