<?xml version="1.0"?>
<opencv_storage>
<pose_0 type_id="opencv-nd-matrix">
  <sizes>
    1 18 3</sizes>
  <dt>f</dt>
  <data>
    5.21891174e+01 2.01613655e+01 9.43222761e-01 5.91359825e+01
    5.21680908e+01 7.37908363e-01 2.98891850e+01 5.28488235e+01
    6.60441518e-01 1.46251221e+01 9.18399582e+01 4.72717494e-01
    2.06174850e+00 1.23831841e+02 3.34293336e-01 9.11442108e+01
    5.21926537e+01 6.39411747e-01 1.06433350e+02 9.11135788e+01
    5.91988921e-01 9.74105682e+01 1.28010559e+02 6.74741268e-01
    2.99094296e+01 1.20346664e+02 4.27595973e-01 2.43247871e+01
    1.76001877e+02 4.52437580e-01 1.95053730e+01 2.46970032e+02
    5.33822834e-01 7.09540176e+01 1.25218559e+02 4.47259396e-01
    7.44129333e+01 1.89922806e+02 6.67217374e-01 9.67088165e+01
    2.21221710e+02 5.11822522e-01 4.66074295e+01 1.46197920e+01
    8.90526116e-01 5.91195602e+01 1.53203526e+01 8.26163054e-01
    3.68900299e+01 2.08876839e+01 6.37742460e-01 7.37230453e+01
    2.29588566e+01 6.60444856e-01</data></pose_0>
</opencv_storage>
