<?xml version="1.0"?>
<opencv_storage>
<pose_0 type_id="opencv-nd-matrix">
  <sizes>
    1 18 3</sizes>
  <dt>f</dt>
  <data>
    4.31427917e+01 4.38318977e+01 8.37566793e-01 5.28868294e+01
    6.88587723e+01 7.37292528e-01 2.50557899e+01 7.09681625e+01
    6.65105999e-01 1.88026905e+01 1.02973160e+02 6.52753413e-01
    8.37169361e+00 1.29376221e+02 5.27544618e-01 8.41652145e+01
    6.53972931e+01 5.63745737e-01 1.04353302e+02 9.94698715e+01
    6.93598568e-01 1.08501221e+02 1.37042725e+02 6.43895805e-01
    2.85220623e+01 1.33566330e+02 4.50998843e-01 1.39369507e+01
    1.87837006e+02 6.20994151e-01 2.05579090e+00 2.36526138e+02
    3.46898317e-01 7.37379379e+01 1.35643234e+02 4.36741173e-01
    8.07293243e+01 1.91305084e+02 7.69507408e-01 9.46010742e+01
    2.36514130e+02 6.81264639e-01 3.75657845e+01 3.96627922e+01
    8.46722960e-01 5.00791092e+01 3.89454384e+01 7.94111192e-01
    3.06217842e+01 4.31489182e+01 5.85867167e-01 6.26108131e+01
    4.17176132e+01 6.43344820e-01</data></pose_0>
</opencv_storage>
