<?xml version="1.0"?>
<opencv_storage>
<pose_0 type_id="opencv-nd-matrix">
  <sizes>
    1 18 3</sizes>
  <dt>f</dt>
  <data>
    3.06094646e+01 7.51120453e+01 9.65567470e-01 5.49606133e+01
    1.04342079e+02 6.54284358e-01 2.92273560e+01 1.02968277e+02
    6.33589566e-01 1.46087532e+01 1.37732071e+02 4.78602171e-01 0. 0. 0.
    8.34744797e+01 1.07125839e+02 5.33542275e-01 7.99870987e+01
    1.57886261e+02 7.09140599e-01 3.89477463e+01 1.88525497e+02
    6.85989141e-01 2.50273552e+01 1.85048370e+02 4.60069180e-01
    8.35085487e+00 2.53919022e+02 2.76299894e-01 0. 0. 0. 6.88668823e+01
    1.89902939e+02 3.77623916e-01 9.25239029e+01 2.53925354e+02
    1.51269749e-01 0. 0. 0. 2.71365871e+01 6.88991165e+01 8.46538365e-01
    3.82655296e+01 6.88869476e+01 8.01571250e-01 0. 0. 0. 5.70306664e+01
    7.16619873e+01 5.48062623e-01</data></pose_0>
</opencv_storage>
