<?xml version="1.0"?>
<opencv_storage>
<pose_0 type_id="opencv-nd-matrix">
  <sizes>
    1 18 3</sizes>
  <dt>f</dt>
  <data>
    6.81841965e+01 2.92210159e+01 9.01161194e-01 6.88968048e+01
    5.49484863e+01 7.28046238e-01 4.17393036e+01 5.49585686e+01
    6.54388309e-01 1.94886723e+01 8.55777130e+01 6.63694799e-01
    1.72931230e+00 1.02259834e+02 5.51155925e-01 9.73750916e+01
    5.56604500e+01 5.88835895e-01 1.17548027e+02 9.11275558e+01
    6.97205901e-01 1.07844612e+02 1.28684158e+02 7.55258918e-01
    4.45201645e+01 1.24509270e+02 4.25164104e-01 6.33124809e+01
    1.78770111e+02 4.91160929e-01 8.41716080e+01 2.30947144e+02
    6.66929960e-01 8.00034485e+01 1.28005432e+02 4.56727773e-01
    5.84504623e+01 1.78085297e+02 5.05669057e-01 3.47708054e+01
    2.39309128e+02 6.05568409e-01 6.25982857e+01 2.43244915e+01
    8.97269249e-01 7.44309311e+01 2.50121231e+01 9.07314658e-01
    5.21837425e+01 2.99277020e+01 8.66973042e-01 8.41757965e+01
    2.99282341e+01 6.32515788e-01</data></pose_0>
</opencv_storage>
