<?xml version="1.0"?>
<opencv_storage>
<pose_0 type_id="opencv-nd-matrix">
  <sizes>
    1 18 3</sizes>
  <dt>f</dt>
  <data>
    5.91422958e+01 2.43657665e+01 9.08130407e-01 6.81538162e+01
    5.07763672e+01 7.03707516e-01 3.61971245e+01 4.80153694e+01
    6.21480584e-01 1.94619980e+01 9.11217880e+01 5.91542721e-01
    2.05405998e+00 1.18968513e+02 2.11377665e-01 9.74082260e+01
    5.21953354e+01 6.72970295e-01 1.14101196e+02 8.76645889e+01
    7.21104681e-01 9.18020859e+01 1.15476883e+02 6.89894497e-01
    3.61752243e+01 1.23818764e+02 4.45994973e-01 2.85092907e+01
    1.73211136e+02 6.10739589e-01 4.03437691e+01 2.33737045e+02
    6.63529396e-01 8.06845932e+01 1.28695404e+02 4.21441823e-01
    8.00110550e+01 1.85043976e+02 6.86634660e-01 7.44068527e+01
    2.41368835e+02 5.80447853e-01 5.35661621e+01 1.88043480e+01
    8.92965078e-01 6.74881439e+01 1.94729576e+01 8.26597095e-01
    4.59108772e+01 2.43350964e+01 5.64056277e-01 8.06853867e+01
    2.43577938e+01 7.49004960e-01</data></pose_0>
</opencv_storage>
