<?xml version="1.0"?>
<opencv_storage>
<pose_0 type_id="opencv-nd-matrix">
  <sizes>
    1 18 3</sizes>
  <dt>f</dt>
  <data>
    4.31389694e+01 6.96026459e+01 8.91955256e-01 6.95616074e+01
    9.66796036e+01 6.58194661e-01 4.10530167e+01 9.73824005e+01
    5.03333032e-01 2.85117493e+01 1.41900238e+02 4.45411414e-01
    1.31876030e+01 1.75999313e+02 4.24618959e-01 1.02244331e+02
    9.73713379e+01 5.41919053e-01 1.18928276e+02 1.39137253e+02
    7.15999007e-01 9.46112366e+01 1.74575058e+02 7.38444567e-01
    3.61933136e+01 1.73214615e+02 4.04923111e-01 1.46328278e+01
    2.41384079e+02 4.34512556e-01 0. 0. 0. 8.27764816e+01 1.77396072e+02
    3.93945187e-01 9.53051453e+01 2.47629211e+02 4.82881635e-01 0. 0. 0.
    3.75636482e+01 6.53826981e+01 7.83173859e-01 4.93969727e+01
    6.39791832e+01 8.04420888e-01 3.06251259e+01 6.88899765e+01
    1.74444824e-01 6.67861099e+01 6.26147079e+01 5.14221609e-01</data></pose_0>
</opencv_storage>
