<?xml version="1.0"?>
<opencv_storage>
<pose_0 type_id="opencv-nd-matrix">
  <sizes>
    1 18 3</sizes>
  <dt>f</dt>
  <data>
    4.10103340e+01 7.44234085e+01 9.27474737e-01 6.19020920e+01
    9.80997238e+01 6.73365891e-01 3.68599281e+01 9.74013901e+01
    6.16762161e-01 2.50643349e+01 1.26612015e+02 1.57262027e-01
    2.22659664e+01 1.24531288e+02 1.56715214e-01 8.55790558e+01
    1.00874969e+02 5.70078552e-01 8.62511597e+01 1.45386337e+02
    7.32922196e-01 5.00820885e+01 1.73203415e+02 6.98196769e-01
    3.20088348e+01 1.69727951e+02 4.44088310e-01 1.94769192e+01
    2.30969559e+02 7.18636870e-01 0. 0. 0. 7.58189926e+01 1.73208786e+02
    4.06277120e-01 9.25410614e+01 2.35844833e+02 6.95432782e-01
    1.42617371e+02 2.53928604e+02 1.43415913e-01 3.68602562e+01
    6.88857880e+01 8.39411616e-01 4.66141663e+01 6.95449295e+01
    8.77106130e-01 0. 0. 0. 6.33248444e+01 7.09635162e+01 5.52077055e-01</data></pose_0>
</opencv_storage>
