<?xml version="1.0"?>
<opencv_storage>
<pose_0 type_id="opencv-nd-matrix">
  <sizes>
    1 18 3</sizes>
  <dt>f</dt>
  <data>
    6.12239609e+01 1.66925411e+01 8.69590640e-01 7.02498093e+01
    4.79887772e+01 7.28740096e-01 4.10414162e+01 4.73244514e+01
    6.04128242e-01 2.43331585e+01 8.97341690e+01 3.89229953e-01
    7.64611769e+00 1.21051605e+02 3.64878833e-01 1.02252869e+02
    4.93969612e+01 6.34878814e-01 1.14116768e+02 9.04396439e+01
    6.29497170e-01 9.73726883e+01 1.27990440e+02 6.90244496e-01
    3.96595497e+01 1.20345573e+02 3.81174952e-01 4.10174026e+01
    1.89217361e+02 6.05071247e-01 4.10669861e+01 2.47633377e+02
    6.76709890e-01 8.06954422e+01 1.28697784e+02 4.04240131e-01
    7.51242752e+01 1.92699631e+02 6.56634569e-01 9.74024658e+01
    2.12870880e+02 5.69486499e-01 5.56426888e+01 1.25302849e+01
    7.94125378e-01 6.88887787e+01 1.25178185e+01 8.41385901e-01
    4.80022812e+01 1.87806454e+01 5.02686024e-01 8.34697113e+01
    1.87514610e+01 6.88063860e-01</data></pose_0>
</opencv_storage>
