<?xml version="1.0"?>
<opencv_storage>
<pose_0 type_id="opencv-nd-matrix">
  <sizes>
    1 18 3</sizes>
  <dt>f</dt>
  <data>
    6.40321274e+01 3.54925575e+01 9.31192279e-01 7.16457520e+01
    6.26132545e+01 7.18637586e-01 4.03569145e+01 6.26190071e+01
    6.48241758e-01 2.36465721e+01 9.80778885e+01 7.78153777e-01 0. 0. 0.
    1.03666145e+02 6.40056915e+01 6.43692374e-01 1.19681557e+02
    9.59789276e+01 7.40417123e-01 1.19685753e+02 1.25912537e+02
    7.44196594e-01 4.66059265e+01 1.25914284e+02 4.75450993e-01
    4.17483330e+01 1.84342056e+02 6.08057916e-01 7.02704086e+01
    2.05915268e+02 1.42259493e-01 8.69684448e+01 1.24527031e+02
    4.37825173e-01 7.37298737e+01 1.79484268e+02 6.43565178e-01
    6.88465118e+01 2.39301636e+02 5.54094255e-01 5.91438751e+01
    3.06000385e+01 8.76186013e-01 7.09468689e+01 3.06119003e+01
    8.63525927e-01 5.21455574e+01 3.47909546e+01 5.97106218e-01
    8.41731415e+01 3.55016594e+01 6.54602110e-01</data></pose_0>
</opencv_storage>
