<?xml version="1.0"?>
<opencv_storage>
<pose_0 type_id="opencv-nd-matrix">
  <sizes>
    1 18 3</sizes>
  <dt>f</dt>
  <data>
    8.48461990e+01 5.21900635e+01 8.92740011e-01 8.48810272e+01
    8.00012817e+01 7.67584324e-01 5.91371002e+01 7.93127823e+01
    6.89366221e-01 3.55044365e+01 1.06435867e+02 7.15834856e-01
    1.73955307e+01 1.25252022e+02 7.64823675e-01 1.08527184e+02
    8.06997986e+01 6.72396362e-01 1.27989998e+02 1.12696701e+02
    6.28448904e-01 1.07133087e+02 1.35679459e+02 7.55191624e-01
    6.25990372e+01 1.39828476e+02 4.42993522e-01 7.72207565e+01
    1.89218643e+02 4.60655391e-01 9.67031631e+01 2.28874893e+02
    5.66015184e-01 9.66872940e+01 1.44000748e+02 4.86480802e-01
    7.51101456e+01 1.87148392e+02 6.50739729e-01 6.19168434e+01
    2.47646484e+02 5.36006749e-01 7.93109818e+01 4.72952690e+01
    9.03694093e-01 9.10982971e+01 4.80073318e+01 8.39110732e-01
    7.02531052e+01 5.21805305e+01 7.60632455e-01 9.87795715e+01
    5.35811043e+01 6.40417933e-01</data></pose_0>
</opencv_storage>
