<?xml version="1.0"?>
<opencv_storage>
<pose_0 type_id="opencv-nd-matrix">
  <sizes>
    1 18 3</sizes>
  <dt>f</dt>
  <data>
    5.28510590e+01 3.12936783e+01 8.86052728e-01 6.81517944e+01
    5.49567833e+01 6.38321638e-01 3.75627136e+01 5.70256691e+01
    6.27611458e-01 2.36317234e+01 9.04408569e+01 7.09001124e-01
    2.05412221e+00 1.18935440e+02 3.73232305e-01 1.00860291e+02
    5.63391380e+01 5.90807438e-01 1.09207047e+02 9.25096054e+01
    7.60043263e-01 1.05735497e+02 1.25212593e+02 8.03499997e-01
    3.68753281e+01 1.18946106e+02 4.59244788e-01 4.45147209e+01
    1.75301193e+02 5.42267799e-01 6.33071518e+01 2.31650925e+02
    6.01286888e-01 7.79085388e+01 1.20342514e+02 5.02801418e-01
    4.93915825e+01 1.76001999e+02 6.27951324e-01 7.23539581e+01
    2.28183487e+02 4.74001974e-01 4.72745361e+01 2.78234406e+01
    7.80491889e-01 5.77514992e+01 2.50418129e+01 7.77236402e-01
    4.10591927e+01 3.12919540e+01 2.62127668e-01 7.44124222e+01
    2.50520115e+01 4.87159908e-01</data></pose_0>
</opencv_storage>
