<?xml version="1.0"?>
<opencv_storage>
<pose_0 type_id="opencv-nd-matrix">
  <sizes>
    1 18 3</sizes>
  <dt>f</dt>
  <data>
    5.98248978e+01 5.28508377e+01 9.10030901e-01 7.37157059e+01
    7.44236526e+01 7.40277708e-01 4.87025299e+01 7.23509140e+01
    6.22035921e-01 3.26936378e+01 9.18095703e+01 4.65088338e-01
    3.96587753e+01 9.11317749e+01 1.25657022e-01 9.73874588e+01
    7.58492279e+01 6.66967809e-01 1.08540962e+02 1.09204361e+02
    8.14706802e-01 9.67136536e+01 1.37030273e+02 8.25052679e-01
    4.38201103e+01 1.30100464e+02 5.23919940e-01 4.52168808e+01
    1.80879654e+02 7.04269409e-01 5.07697067e+01 2.33732666e+02
    7.56593466e-01 7.99746323e+01 1.34253403e+02 5.50697088e-01
    7.51424332e+01 1.86410797e+02 7.58317232e-01 1.09222107e+02
    2.03839828e+02 7.17885375e-01 5.63292618e+01 4.80284195e+01
    8.16066206e-01 6.47152328e+01 4.79895859e+01 8.59298348e-01
    5.07908173e+01 5.28838501e+01 3.51623207e-01 7.92918777e+01
    5.07897377e+01 6.06695771e-01</data></pose_0>
</opencv_storage>
