<?xml version="1.0"?>
<opencv_storage>
<pose_0 type_id="opencv-nd-matrix">
  <sizes>
    1 18 3</sizes>
  <dt>f</dt>
  <data>
    5.21966591e+01 2.71222553e+01 8.67748618e-01 6.95547256e+01
    6.05281639e+01 6.82860076e-01 3.40909309e+01 5.84168625e+01
    5.79341829e-01 1.87683048e+01 9.25351181e+01 1.92810461e-01 0. 0. 0.
    1.07836937e+02 6.40014954e+01 5.45594573e-01 1.20371712e+02
    1.10601883e+02 5.35135508e-01 1.05047440e+02 1.53070801e+02
    7.13483095e-01 3.20007172e+01 1.47481766e+02 2.93396264e-01
    3.33964500e+01 2.24002594e+02 2.79859424e-01 0. 0. 0. 8.13993683e+01
    1.57915146e+02 3.37669462e-01 7.65182800e+01 2.36525925e+02
    2.53916711e-01 0. 0. 0. 4.66277733e+01 2.08563328e+01 8.03529084e-01
    6.12100487e+01 2.01978397e+01 7.76996136e-01 4.03359566e+01
    2.50446453e+01 2.20436141e-01 8.06963730e+01 2.57440033e+01
    6.21267200e-01</data></pose_0>
</opencv_storage>
