<?xml version="1.0"?>
<opencv_storage>
<pose_0 type_id="opencv-nd-matrix">
  <sizes>
    1 18 3</sizes>
  <dt>f</dt>
  <data>
    6.33205376e+01 3.61523628e+01 9.43549752e-01 6.67845688e+01
    6.47036362e+01 7.30848193e-01 3.75577621e+01 6.39768028e+01
    6.41601622e-01 1.87787418e+01 9.59871216e+01 5.17395318e-01
    7.66718149e+00 1.14783478e+02 4.84114766e-01 9.67140961e+01
    6.88480072e+01 6.60603464e-01 1.08532921e+02 1.00868721e+02
    6.79301798e-01 1.04350395e+02 1.32881210e+02 7.10406840e-01
    4.17339516e+01 1.28701538e+02 4.52730089e-01 3.68704414e+01
    1.86449478e+02 5.92866838e-01 7.99964828e+01 2.18430145e+02
    2.84413695e-01 7.99938965e+01 1.30781799e+02 4.38067943e-01
    5.49594154e+01 1.80870651e+02 5.85133672e-01 4.65742760e+01
    2.46959534e+02 6.13819659e-01 5.77358665e+01 3.06206894e+01
    8.86445820e-01 7.02513199e+01 3.12985954e+01 8.41696203e-01
    4.73336945e+01 3.61801643e+01 7.45252311e-01 8.14102097e+01
    3.75839272e+01 6.13862872e-01</data></pose_0>
</opencv_storage>
