<?xml version="1.0"?>
<opencv_storage>
<pose_0 type_id="opencv-nd-matrix">
  <sizes>
    1 18 3</sizes>
  <dt>f</dt>
  <data>
    7.51102676e+01 4.73310280e+01 9.38459456e-01 7.99821014e+01
    7.51154022e+01 7.63724625e-01 5.28701668e+01 7.44107132e+01
    6.81504488e-01 3.75777473e+01 9.11412888e+01 6.18360341e-01
    2.50425129e+01 1.07791016e+02 7.34765768e-01 1.06439598e+02
    7.86096344e+01 6.37628138e-01 1.14806404e+02 1.08515327e+02
    6.48528874e-01 1.13375641e+02 1.37735107e+02 7.07925975e-01
    5.63350563e+01 1.30084915e+02 4.47095424e-01 6.81600037e+01
    1.81560211e+02 4.80281174e-01 9.46105194e+01 2.22618240e+02
    6.33328080e-01 9.11372452e+01 1.34956406e+02 5.00783920e-01
    6.33156929e+01 1.80859909e+02 6.78485513e-01 4.86982689e+01
    2.40680740e+02 6.22042656e-01 6.88952408e+01 4.31375923e+01
    8.62567544e-01 8.13880310e+01 4.38194962e+01 8.00798953e-01
    5.98257599e+01 4.93911133e+01 6.56301439e-01 9.25432129e+01
    5.07856445e+01 6.14956737e-01</data></pose_0>
</opencv_storage>
