<?xml version="1.0"?>
<opencv_storage>
<pose_0 type_id="opencv-nd-matrix">
  <sizes>
    1 18 3</sizes>
  <dt>f</dt>
  <data>
    5.77129097e+01 2.91912613e+01 8.52328837e-01 6.67875214e+01
    4.73350868e+01 6.63110614e-01 3.61837883e+01 5.00766068e+01
    5.36731362e-01 1.25244770e+01 8.20794220e+01 6.13567412e-01
    2.05232978e+00 1.00874451e+02 5.07473126e-02 9.67120590e+01
    4.80207787e+01 5.90386212e-01 1.11307465e+02 8.69701233e+01
    7.19093621e-01 1.14100403e+02 1.23120934e+02 7.43319035e-01
    4.17406921e+01 1.14787239e+02 4.82557297e-01 6.32947006e+01
    1.73220657e+02 5.60984015e-01 8.55329590e+01 2.21210007e+02
    7.22957492e-01 8.07087555e+01 1.18268471e+02 4.65666503e-01
    5.28590393e+01 1.73210449e+02 5.89585543e-01 3.06109009e+01
    2.31658081e+02 6.43218040e-01 5.21602211e+01 2.43324547e+01
    8.69357109e-01 6.33150635e+01 2.43508873e+01 8.24703515e-01
    4.59094086e+01 2.71401291e+01 4.74205375e-01 7.85984421e+01
    2.64508801e+01 5.65830231e-01</data></pose_0>
</opencv_storage>
