<?xml version="1.0"?>
<opencv_storage>
<pose_0 type_id="opencv-nd-matrix">
  <sizes>
    2 18 3</sizes>
  <dt>f</dt>
  <data>
    5.28979836e+01 5.77450104e+01 9.53822613e-01 7.30326691e+01
    8.07174530e+01 7.47153163e-01 4.52137527e+01 8.14115143e+01
    6.33176982e-01 2.85219154e+01 1.12696983e+02 7.86847472e-01
    2.05682349e+00 1.37731781e+02 5.22580564e-01 1.02237625e+02
    8.14033051e+01 6.36435688e-01 1.19646271e+02 1.13357155e+02
    7.86078334e-01 1.23802727e+02 1.41936096e+02 7.91900396e-01
    5.35798035e+01 1.42603348e+02 4.90922809e-01 7.58395309e+01
    1.85757187e+02 6.62478924e-01 9.81114731e+01 2.30283508e+02
    8.04027915e-01 8.83534470e+01 1.41932617e+02 5.21929979e-01
    5.21966743e+01 1.91976379e+02 8.19352150e-01 5.21733360e+01
    2.45566956e+02 6.65814996e-01 5.00914841e+01 5.28819733e+01
    8.67779791e-01 5.84620552e+01 5.28426247e+01 8.73908997e-01
    4.31293907e+01 5.77224846e+01 5.58951311e-02 7.44294739e+01
    5.28954391e+01 6.33447707e-01 1.02935181e+02 1.39532471e+01
    2.78691739e-01 9.66685562e+01 2.50459976e+01 5.33293247e-01
    8.62308960e+01 2.57414684e+01 4.82516944e-01 7.86150284e+01
    4.17474327e+01 7.10304007e-02 0. 0. 0. 1.05728607e+02 2.50158672e+01
    4.10977334e-01 0. 0. 0. 0. 0. 0. 9.17997208e+01 5.98295097e+01
    1.60137862e-01 0. 0. 0. 0. 0. 0. 1.02950294e+02 5.49623985e+01
    2.22063929e-01 0. 0. 0. 0. 0. 0. 1.02243721e+02 1.38830280e+01
    3.52385670e-01 0. 0. 0. 9.67180557e+01 1.53131704e+01 4.98136520e-01
    0. 0. 0.</data></pose_0>
</opencv_storage>
