<?xml version="1.0"?>
<opencv_storage>
<pose_0 type_id="opencv-nd-matrix">
  <sizes>
    1 18 3</sizes>
  <dt>f</dt>
  <data>
    7.09538879e+01 2.22548313e+01 8.62355888e-01 7.92981873e+01
    5.14530029e+01 7.19977498e-01 5.14885712e+01 5.14800148e+01
    6.32980943e-01 3.26989899e+01 8.27897186e+01 4.12387431e-01 0. 0. 0.
    1.07141159e+02 5.14623489e+01 6.66190624e-01 1.14769035e+02
    9.11486435e+01 6.11101151e-01 1.04342056e+02 1.23117508e+02
    6.12417698e-01 4.66204185e+01 1.21042267e+02 4.58581358e-01
    5.21699219e+01 1.81566025e+02 6.67477012e-01 5.84193954e+01
    2.41408340e+02 7.69263983e-01 8.55808640e+01 1.24525841e+02
    4.91618395e-01 7.37302933e+01 1.82254364e+02 6.61762238e-01
    9.18293304e+01 2.33039307e+02 4.03834820e-01 6.53902130e+01
    1.80934792e+01 8.60536456e-01 7.79044724e+01 1.73821354e+01
    8.03890705e-01 5.84431763e+01 2.43251724e+01 6.77672863e-01
    9.04212570e+01 2.08742161e+01 7.03272820e-01</data></pose_0>
</opencv_storage>
