<?xml version="1.0"?>
<opencv_storage>
<pose_0 type_id="opencv-nd-matrix">
  <sizes>
    1 18 3</sizes>
  <dt>f</dt>
  <data>
    3.40767975e+01 7.30324097e+01 8.42212260e-01 5.77545319e+01
    9.73733749e+01 6.83426499e-01 2.99229336e+01 9.73919754e+01
    4.94077682e-01 1.80805283e+01 1.19636719e+02 7.31391162e-02 0. 0. 0.
    8.55820312e+01 9.94698181e+01 5.57067037e-01 9.80849762e+01
    1.40522690e+02 7.24849761e-01 7.44028091e+01 1.73200012e+02
    6.92003012e-01 2.78182468e+01 1.71138840e+02 4.33047920e-01 0. 0. 0.
    0. 0. 0. 6.95710449e+01 1.75303711e+02 3.88151139e-01 8.48600464e+01
    2.40691757e+02 5.81999540e-01 0. 0. 0. 2.91970654e+01 6.81792221e+01
    8.23925972e-01 3.96394234e+01 6.54079437e+01 7.82332897e-01
    2.43254299e+01 7.02477798e+01 1.31294295e-01 5.56460915e+01
    6.53977509e+01 5.26105344e-01</data></pose_0>
</opencv_storage>
