<?xml version="1.0"?>
<opencv_storage>
<pose_0 type_id="opencv-nd-matrix">
  <sizes>
    1 18 3</sizes>
  <dt>f</dt>
  <data>
    6.74751663e+01 2.57520084e+01 8.28732431e-01 6.88858948e+01
    6.32984619e+01 7.29280710e-01 3.47841492e+01 6.32824402e+01
    6.03236496e-01 1.39075470e+01 1.04351189e+02 6.09735131e-01
    2.05540562e+00 1.23826248e+02 1.21114656e-01 1.05038231e+02
    6.40120316e+01 5.68268120e-01 1.19658508e+02 1.09216820e+02
    5.49432755e-01 1.21033958e+02 1.54425369e+02 5.73690116e-01
    4.31249657e+01 1.41921173e+02 4.11016554e-01 3.54581566e+01
    1.80895767e+02 3.32852304e-01 0. 0. 0. 8.90361786e+01 1.41905899e+02
    3.79583448e-01 6.12109566e+01 2.15646622e+02 4.37453419e-01
    6.74794998e+01 2.53933777e+02 7.20485449e-02 6.05205307e+01
    1.95109024e+01 8.47362161e-01 7.51084671e+01 2.15557079e+01
    8.32476616e-01 4.93841629e+01 2.50427933e+01 6.73342288e-01
    8.97318344e+01 2.92247887e+01 6.28017426e-01</data></pose_0>
</opencv_storage>
