<?xml version="1.0"?>
<opencv_storage>
<pose_0 type_id="opencv-nd-matrix">
  <sizes>
    1 18 3</sizes>
  <dt>f</dt>
  <data>
    5.14903870e+01 2.57544632e+01 8.76404107e-01 6.39775467e+01
    5.56441536e+01 7.05895245e-01 3.47863159e+01 5.63525200e+01
    6.14792347e-01 1.31915379e+01 9.04234848e+01 6.67285740e-01
    2.05170703e+00 1.07121216e+02 7.34652281e-02 9.32285309e+01
    5.63346024e+01 6.01998270e-01 1.14065994e+02 8.76678009e+01
    7.20870376e-01 1.24546791e+02 1.23118088e+02 5.84293365e-01
    4.31379471e+01 1.21741798e+02 4.27285016e-01 6.95702972e+01
    1.81583344e+02 6.75757825e-01 1.07105148e+02 2.12875641e+02
    7.21896887e-01 7.92868423e+01 1.21740028e+02 4.61414158e-01
    4.80201225e+01 1.80161850e+02 5.87156773e-01 3.55056076e+01
    2.46930191e+02 6.51574612e-01 4.66122093e+01 2.08801117e+01
    7.97897458e-01 5.77534409e+01 2.08837795e+01 7.86161780e-01
    4.10486069e+01 2.50360355e+01 2.83700556e-01 7.44169464e+01
    2.64270916e+01 6.06787860e-01</data></pose_0>
</opencv_storage>
