<?xml version="1.0"?>
<opencv_storage>
<pose_0 type_id="opencv-nd-matrix">
  <sizes>
    1 18 3</sizes>
  <dt>f</dt>
  <data>
    5.21770592e+01 2.85249710e+01 8.55397940e-01 6.12100983e+01
    5.21712723e+01 7.21360683e-01 3.06320457e+01 5.35596313e+01
    6.65657997e-01 1.94864864e+01 9.32137604e+01 7.74735808e-01
    2.05882955e+00 1.18953140e+02 6.41549110e-01 9.11203613e+01
    5.21678009e+01 6.50752306e-01 1.05730339e+02 8.69801102e+01
    7.32792974e-01 1.07124039e+02 1.24500793e+02 7.68460810e-01
    3.89469604e+01 1.19657906e+02 4.40123409e-01 2.85261135e+01
    1.80193451e+02 7.40621626e-01 6.19060020e+01 2.20515854e+02
    5.85528195e-01 7.86149521e+01 1.20350189e+02 4.69298512e-01
    7.51598434e+01 1.82275482e+02 6.49389863e-01 7.02591476e+01
    2.36509033e+02 6.11661494e-01 4.66293793e+01 2.43097534e+01
    8.80642653e-01 5.84166718e+01 2.36607246e+01 8.05737734e-01
    4.03553085e+01 2.71205997e+01 5.30155659e-01 7.02523956e+01
    2.50684528e+01 5.92466295e-01</data></pose_0>
</opencv_storage>
