<?xml version="1.0"?>
<opencv_storage>
<pose_0 type_id="opencv-nd-matrix">
  <sizes>
    1 18 3</sizes>
  <dt>f</dt>
  <data>
    4.03599930e+01 2.92113419e+01 8.56310844e-01 5.70337372e+01
    5.63544655e+01 6.27759516e-01 2.98985043e+01 5.63443642e+01
    5.11715412e-01 1.87685795e+01 8.48610535e+01 1.83171690e-01
    1.59988031e+01 6.60906677e+01 8.58947933e-02 8.55593796e+01
    5.77412224e+01 5.90075791e-01 9.67059708e+01 9.94804688e+01
    7.26063251e-01 8.00030060e+01 1.34936462e+02 7.46134996e-01
    2.43408127e+01 1.31484924e+02 4.55215216e-01 1.25228415e+01
    1.96178848e+02 4.16634917e-01 7.63142967e+00 2.53932495e+02
    2.30431020e-01 6.88512650e+01 1.34962006e+02 4.28975165e-01
    8.41608963e+01 1.96889343e+02 7.17321515e-01 1.15483566e+02
    2.38620102e+02 5.16505599e-01 3.54798470e+01 2.43494720e+01
    7.72274852e-01 4.66240578e+01 2.43256874e+01 7.78731048e-01
    2.98910141e+01 2.99141197e+01 1.79667145e-01 6.39914284e+01
    2.50713902e+01 5.39987087e-01</data></pose_0>
</opencv_storage>
