<?xml version="1.0"?>
<opencv_storage>
<pose_0 type_id="opencv-nd-matrix">
  <sizes>
    1 18 3</sizes>
  <dt>f</dt>
  <data>
    6.26163864e+01 2.50453873e+01 9.00577962e-01 6.88488846e+01
    5.28697891e+01 7.77650952e-01 3.96602669e+01 5.28747368e+01
    6.27827287e-01 2.08622627e+01 9.66987305e+01 6.94247842e-01
    2.05721617e+00 1.30080460e+02 4.76764381e-01 9.80820236e+01
    5.28864365e+01 6.02581561e-01 1.19662361e+02 8.62501755e+01
    4.54333872e-01 1.11310753e+02 1.24518051e+02 5.55126369e-01
    4.10205917e+01 1.21739243e+02 4.56722349e-01 2.85078945e+01
    1.80160873e+02 4.28683907e-01 3.20083122e+01 2.37223038e+02
    5.35946906e-01 8.07109222e+01 1.26604332e+02 4.07455474e-01
    8.48660202e+01 1.85042343e+02 6.41659081e-01 7.51312561e+01
    2.42069229e+02 5.24495661e-01 5.70252075e+01 1.94962940e+01
    8.38880539e-01 6.95793304e+01 2.01671696e+01 8.36940348e-01
    4.73272858e+01 2.50779514e+01 5.31070113e-01 8.20771637e+01
    2.57439442e+01 6.68248773e-01</data></pose_0>
</opencv_storage>
