<?xml version="1.0"?>
<opencv_storage>
<pose_0 type_id="opencv-nd-matrix">
  <sizes>
    1 18 3</sizes>
  <dt>f</dt>
  <data>
    6.39999161e+01 5.84085617e+01 9.10165012e-01 6.88532104e+01
    8.62594147e+01 7.28290498e-01 3.75605164e+01 8.62457962e+01
    6.47870660e-01 1.32131023e+01 1.14072037e+02 5.53125858e-01
    2.05702376e+00 1.36342148e+02 2.47602597e-01 1.02255569e+02
    8.76661301e+01 5.26332259e-01 1.20356880e+02 1.30090652e+02
    6.05585217e-01 9.73921814e+01 1.58632385e+02 6.82147980e-01
    4.17579651e+01 1.55129929e+02 3.37841839e-01 3.75659294e+01
    2.15648788e+02 1.74438968e-01 4.45263252e+01 2.30292297e+02
    6.19917437e-02 8.55504608e+01 1.63473434e+02 3.36306453e-01
    5.42684746e+01 2.23999634e+02 4.82862234e-01 0. 0. 0. 5.84353142e+01
    5.28367462e+01 9.22161937e-01 7.37157364e+01 5.35764809e+01
    8.10285985e-01 4.80015488e+01 5.84382515e+01 6.21470332e-01
    8.83420258e+01 6.05328560e+01 6.34639680e-01</data></pose_0>
</opencv_storage>
