<?xml version="1.0"?>
<opencv_storage>
<pose_0 type_id="opencv-nd-matrix">
  <sizes>
    1 18 3</sizes>
  <dt>f</dt>
  <data>
    0. 0. 0. 6.95529709e+01 1.06430939e+02 3.39817822e-01 9.66963043e+01
    9.60061874e+01 1.79669037e-01 1.08534973e+02 1.29389847e+02
    1.68377683e-01 0. 0. 0. 4.80030785e+01 1.08540703e+02 3.86325955e-01
    2.06548762e+00 1.16178299e+02 1.85603350e-01 0. 0. 0. 9.39108429e+01
    2.01042389e+02 2.33557016e-01 0. 0. 0. 0. 0. 0. 5.21790123e+01
    1.99654694e+02 1.08572990e-01 0. 0. 0. 0. 0. 0. 0. 0. 0. 0. 0. 0. 0.
    0. 0. 4.73038635e+01 7.51276474e+01 2.52274930e-01</data></pose_0>
</opencv_storage>
