<?xml version="1.0"?>
<opencv_storage>
<pose_0 type_id="opencv-nd-matrix">
  <sizes>
    1 18 3</sizes>
  <dt>f</dt>
  <data>
    4.10195503e+01 5.98174667e+01 8.43880653e-01 5.28662338e+01
    8.69806366e+01 6.75139129e-01 2.43656654e+01 8.62432938e+01
    5.69595337e-01 1.31989021e+01 1.14784714e+02 2.99381077e-01
    1.59961987e+01 9.87879791e+01 6.80643544e-02 8.34748383e+01
    9.11244049e+01 5.61717033e-01 9.66859512e+01 1.30090714e+02
    7.71183848e-01 8.00194931e+01 1.66261749e+02 7.32384086e-01
    1.87951355e+01 1.61393890e+02 4.64326113e-01 9.74935722e+00
    2.25383728e+02 5.43551743e-01 0. 0. 0. 6.33119545e+01 1.65566376e+02
    4.12632555e-01 7.72119751e+01 2.30247330e+02 6.41744614e-01
    1.09908653e+02 2.53934143e+02 2.41507262e-01 3.47586021e+01
    5.56548080e+01 7.45298386e-01 4.66013260e+01 5.35623779e+01
    7.63484061e-01 2.57555256e+01 5.91215668e+01 3.95585328e-01
    6.32812691e+01 5.70494957e+01 5.11408865e-01</data></pose_0>
</opencv_storage>
