<?xml version="1.0"?>
<opencv_storage>
<pose_0 type_id="opencv-nd-matrix">
  <sizes>
    2 18 3</sizes>
  <dt>f</dt>
  <data>
    6.26114807e+01 2.29436493e+01 8.08068991e-01 6.88754654e+01
    5.21605606e+01 7.63002574e-01 3.82690125e+01 5.00807953e+01
    5.57008445e-01 1.88002415e+01 7.37292252e+01 2.32185379e-01
    1.32285442e+01 9.32166443e+01 8.17083269e-02 1.01547714e+02
    5.35559273e+01 6.60957396e-01 1.12676239e+02 8.97307892e+01
    6.18385434e-01 1.08540230e+02 1.21049133e+02 7.00126290e-01
    4.38164787e+01 1.14079910e+02 4.34332907e-01 3.47924690e+01
    1.82269836e+02 5.20042837e-01 6.33051453e+01 2.35835266e+02
    1.47336334e-01 8.06980438e+01 1.14085449e+02 4.59046274e-01
    6.12273903e+01 1.74628525e+02 6.66030407e-01 5.28830299e+01
    2.40690689e+02 4.22222286e-01 5.77283440e+01 1.73904953e+01
    7.79554367e-01 6.95652161e+01 1.87811604e+01 7.93855965e-01
    5.00726738e+01 2.36313286e+01 4.92299199e-01 8.14075470e+01
    2.43320694e+01 7.19258010e-01 0. 0. 0. 0. 0. 0. 0. 0. 0. 0. 0. 0. 0.
    0. 0. 1.73217249e+00 5.70402069e+01 8.79323035e-02 1.46217155e+01
    8.06837387e+01 2.88742334e-01 6.95177984e+00 1.05742981e+02
    4.03742403e-01 0. 0. 0. 0. 0. 0. 0. 0. 0. 0. 0. 0. 0. 0. 0. 0. 0. 0.
    0. 0. 0. 0. 0. 0. 0. 0. 0. 0. 0. 0.</data></pose_0>
</opencv_storage>
