<?xml version="1.0"?>
<opencv_storage>
<pose_0 type_id="opencv-nd-matrix">
  <sizes>
    1 18 3</sizes>
  <dt>f</dt>
  <data>
    3.47747116e+01 8.14026108e+01 8.73349607e-01 5.91381836e+01
    1.12696846e+02 6.48336053e-01 3.05996609e+01 1.15472977e+02
    5.76374650e-01 0. 0. 0. 0. 0. 0. 8.83464813e+01 1.09235466e+02
    4.95504349e-01 9.11254807e+01 1.62777115e+02 6.88538790e-01
    4.66102448e+01 1.94079544e+02 7.06007659e-01 3.40751953e+01
    1.95480408e+02 3.55326444e-01 1.39065180e+01 2.53933517e+02
    7.77864680e-02 0. 0. 0. 7.93106842e+01 1.97554642e+02 3.57978225e-01
    0. 0. 0. 0. 0. 0. 2.98891659e+01 7.51549911e+01 7.88182795e-01
    4.17410202e+01 7.44493256e+01 7.55241632e-01 0. 0. 0. 6.25935631e+01
    7.51181030e+01 5.24141312e-01</data></pose_0>
</opencv_storage>
