<?xml version="1.0"?>
<opencv_storage>
<pose_0 type_id="opencv-nd-matrix">
  <sizes>
    2 18 3</sizes>
  <dt>f</dt>
  <data>
    5.35765266e+01 3.20156746e+01 8.51724029e-01 6.05321884e+01
    5.98278809e+01 6.72183216e-01 3.13097305e+01 6.19144402e+01
    5.90600908e-01 1.39116983e+01 1.02935356e+02 5.74305594e-01
    2.05785131e+00 1.29394623e+02 9.60725099e-02 9.25265961e+01
    5.84574394e+01 5.28377056e-01 1.16874809e+02 9.80806656e+01
    5.86519480e-01 1.07129639e+02 1.33559616e+02 6.18818820e-01
    3.13096733e+01 1.27305122e+02 4.07641143e-01 1.80897484e+01
    1.85749695e+02 6.20291293e-01 2.06046009e+00 2.47665543e+02
    3.62640232e-01 7.51375580e+01 1.30775833e+02 3.92960697e-01
    8.07186432e+01 1.90593277e+02 6.06576264e-01 7.79181366e+01
    2.44177551e+02 4.40524250e-01 4.79924278e+01 2.78307133e+01
    8.12161624e-01 6.25942574e+01 2.85189247e+01 8.00283313e-01
    3.96465187e+01 3.26969681e+01 4.96048242e-01 7.51428375e+01
    3.40790901e+01 5.62571585e-01 0. 0. 0. 0. 0. 0. 0. 0. 0. 0. 0. 0. 0.
    0. 0. 1.87941608e+01 1.74014244e+01 6.06957138e-01 2.50565224e+01
    4.10602226e+01 1.68875247e-01 0. 0. 0. 0. 0. 0. 0. 0. 0. 0. 0. 0. 0.
    0. 0. 0. 0. 0. 0. 0. 0. 0. 0. 0. 0. 0. 0. 0. 0. 0. 1.39274025e+01
    2.05042934e+00 4.18683589e-01</data></pose_0>
</opencv_storage>
