<?xml version="1.0"?>
<opencv_storage>
<pose_0 type_id="opencv-nd-matrix">
  <sizes>
    2 18 3</sizes>
  <dt>f</dt>
  <data>
    1.02948875e+02 1.39140711e+01 8.32434595e-01 1.02973633e+02
    2.29671364e+01 8.21581066e-01 9.32198181e+01 2.36504135e+01
    7.38048911e-01 8.55598679e+01 3.54969101e+01 8.31962347e-01
    9.18079987e+01 4.59259186e+01 7.34705687e-01 1.13384422e+02
    2.29630966e+01 7.43451476e-01 1.14104515e+02 3.40923576e+01
    4.56636161e-01 0. 0. 0. 9.80937195e+01 4.65888023e+01 7.58743048e-01
    1.08504181e+02 5.98151398e+01 8.42440844e-01 1.01570877e+02
    7.79093781e+01 7.61167943e-01 1.08546371e+02 4.65875435e+01
    7.53072083e-01 1.12687805e+02 6.12112007e+01 6.44044220e-01
    1.08519600e+02 7.79038696e+01 7.85758078e-01 1.02231033e+02
    1.31916237e+01 7.45976448e-01 1.04361443e+02 1.31793118e+01
    7.55273163e-01 9.74350586e+01 1.39080772e+01 1.87124252e-01
    1.09222420e+02 1.32129049e+01 6.01779759e-01 3.40789413e+01
    5.84682312e+01 8.96109581e-01 5.21661263e+01 8.13859024e+01
    7.53216147e-01 2.57431946e+01 8.41818848e+01 6.46594882e-01
    8.37431622e+00 1.02972061e+02 5.31826794e-01 0. 0. 0. 7.99870300e+01
    8.06926270e+01 6.28555834e-01 1.08530418e+02 1.12694954e+02
    7.97759891e-01 1.22433838e+02 1.44688736e+02 7.05645502e-01
    3.68782082e+01 1.42612900e+02 4.82857853e-01 7.02657318e+01
    1.87126877e+02 7.16160655e-01 1.00181839e+02 2.24697556e+02
    7.59779930e-01 6.95528641e+01 1.41910568e+02 5.25531411e-01
    3.61838455e+01 1.98258316e+02 7.60816574e-01 8.33919239e+00
    2.48362701e+02 4.90304083e-01 2.99243221e+01 5.49452477e+01
    8.36528599e-01 3.96415634e+01 5.35786018e+01 8.14766347e-01
    2.57362156e+01 5.84084473e+01 6.83316439e-02 5.56469421e+01
    5.56564560e+01 5.96355200e-01</data></pose_0>
</opencv_storage>
