<?xml version="1.0"?>
<opencv_storage>
<pose_0 type_id="opencv-nd-matrix">
  <sizes>
    1 18 3</sizes>
  <dt>f</dt>
  <data>
    6.95463333e+01 1.94736595e+01 9.34875786e-01 7.44362946e+01
    4.93945389e+01 6.94651246e-01 4.38238754e+01 5.21616669e+01
    5.91859937e-01 2.43272629e+01 8.41771317e+01 5.44296741e-01
    2.05783868e+00 1.08518806e+02 2.48511210e-01 1.05733643e+02
    4.80010872e+01 5.79247594e-01 1.16861816e+02 8.69793243e+01
    6.84750259e-01 1.03646347e+02 1.18956505e+02 6.54799223e-01
    4.38268204e+01 1.16175896e+02 3.88201624e-01 4.93955574e+01
    1.69760742e+02 4.68170375e-01 5.70470924e+01 2.31653427e+02
    2.63536692e-01 8.55694809e+01 1.19647354e+02 4.68428820e-01
    5.98307915e+01 1.69758667e+02 5.35512328e-01 5.77317123e+01
    2.34424026e+02 5.04507244e-01 6.33119926e+01 1.52975836e+01
    8.42389584e-01 7.65257034e+01 1.38997259e+01 8.18879306e-01
    5.56428604e+01 2.08802414e+01 6.58839285e-01 9.04196548e+01
    1.87992363e+01 6.59819841e-01</data></pose_0>
</opencv_storage>
