<?xml version="1.0"?>
<opencv_storage>
<pose_0 type_id="opencv-nd-matrix">
  <sizes>
    1 18 3</sizes>
  <dt>f</dt>
  <data>
    5.21848106e+01 3.26937141e+01 8.72646809e-01 6.39830627e+01
    5.77596626e+01 6.76955104e-01 3.06031151e+01 5.91463547e+01
    5.65617740e-01 2.08663464e+01 9.94848557e+01 6.29956245e-01
    2.06273842e+00 1.34948380e+02 6.49064124e-01 9.73925934e+01
    5.77378502e+01 5.65794945e-01 1.09920509e+02 9.52930069e+01
    6.91000342e-01 1.07837265e+02 1.30786057e+02 8.30151916e-01
    3.61672058e+01 1.32872833e+02 4.31015551e-01 2.36489258e+01
    1.94789307e+02 7.14535892e-01 4.72863121e+01 2.40703674e+02
    4.18977052e-01 7.93024292e+01 1.32178726e+02 4.44587320e-01
    8.55508652e+01 2.01043625e+02 6.69660449e-01 8.00235367e+01
    2.53932663e+02 2.95414567e-01 4.66088028e+01 2.85138264e+01
    8.39315712e-01 5.84242744e+01 2.71433105e+01 8.12229931e-01
    3.82681770e+01 3.06421013e+01 4.89570349e-01 7.44444427e+01
    3.06034107e+01 5.66912532e-01</data></pose_0>
</opencv_storage>
