<?xml version="1.0"?>
<opencv_storage>
<pose_0 type_id="opencv-nd-matrix">
  <sizes>
    1 18 3</sizes>
  <dt>f</dt>
  <data>
    4.38277969e+01 3.12998028e+01 8.64481807e-01 5.91531334e+01
    5.70498009e+01 7.26464629e-01 3.33992500e+01 5.77287331e+01
    6.26612604e-01 1.87722092e+01 9.67231216e+01 8.80687475e-01
    2.05059433e+00 1.19663643e+02 2.38043979e-01 8.69557724e+01
    5.77089767e+01 6.57140791e-01 1.07124153e+02 9.11429596e+01
    7.81885564e-01 1.11300240e+02 1.24497879e+02 8.14853191e-01
    4.17386169e+01 1.25231712e+02 5.59156775e-01 4.03428040e+01
    1.85749725e+02 6.55725837e-01 0. 0. 0. 7.51200562e+01 1.23832932e+02
    5.43444097e-01 5.35761719e+01 1.80858475e+02 7.80540526e-01
    5.84183807e+01 2.36514023e+02 7.46563911e-01 4.10348701e+01
    2.64323463e+01 8.59040260e-01 5.07794762e+01 2.71353035e+01
    8.08596730e-01 0. 0. 0. 6.46851044e+01 3.05854397e+01 6.03949666e-01</data></pose_0>
</opencv_storage>
