<?xml version="1.0"?>
<opencv_storage>
<pose_0 type_id="opencv-nd-matrix">
  <sizes>
    1 18 3</sizes>
  <dt>f</dt>
  <data>
    4.65982666e+01 4.59042206e+01 8.37496877e-01 6.26148300e+01
    6.95680771e+01 7.17481196e-01 3.40818100e+01 6.95660553e+01
    5.86943328e-01 2.29501019e+01 9.18373642e+01 2.40005657e-01
    1.80912228e+01 8.55715714e+01 1.37856722e-01 9.25147018e+01
    6.95905762e+01 5.86839259e-01 1.07806870e+02 1.11309830e+02
    7.69796669e-01 9.11186218e+01 1.46062408e+02 7.72844017e-01
    3.27052727e+01 1.44694717e+02 4.48803991e-01 1.80715981e+01
    2.03817535e+02 6.54862881e-01 5.56163311e+00 2.53926697e+02
    3.00691426e-01 7.92898712e+01 1.47486404e+02 4.50503200e-01
    9.11226044e+01 2.07315674e+02 6.63563251e-01 1.00855972e+02
    2.53940582e+02 1.37242198e-01 4.10410271e+01 4.10225945e+01
    8.20855260e-01 5.21877060e+01 4.03407440e+01 7.64062703e-01
    3.54951401e+01 4.52288399e+01 1.92232937e-01 6.88508453e+01
    4.17127113e+01 6.13029242e-01</data></pose_0>
</opencv_storage>
