<?xml version="1.0"?>
<opencv_storage>
<pose_0 type_id="opencv-nd-matrix">
  <sizes>
    1 18 3</sizes>
  <dt>f</dt>
  <data>
    4.65861816e+01 3.54801178e+01 9.51104760e-01 6.81812134e+01
    5.91222496e+01 7.20746040e-01 4.17401962e+01 5.98188934e+01
    5.77228725e-01 3.05929756e+01 9.67097321e+01 5.73076844e-01
    7.67282677e+00 1.34256531e+02 7.72046983e-01 9.66846390e+01
    5.91347122e+01 6.29731834e-01 1.13393890e+02 9.66627960e+01
    8.15661311e-01 1.00879936e+02 1.30085724e+02 8.30465078e-01
    4.31452904e+01 1.30085861e+02 4.67984855e-01 2.92034321e+01
    1.86430923e+02 7.32351780e-01 7.02726746e+01 2.22615585e+02
    3.85620058e-01 8.07129440e+01 1.30090576e+02 4.82965052e-01
    7.99945755e+01 1.91275314e+02 7.08329141e-01 8.07086105e+01
    2.45564758e+02 6.02910578e-01 4.17400970e+01 3.06030197e+01
    8.25886905e-01 5.21820335e+01 2.99379349e+01 8.73171568e-01
    3.54884377e+01 3.47609978e+01 5.57753742e-02 6.88745575e+01
    3.19953518e+01 5.40659547e-01</data></pose_0>
</opencv_storage>
