<?xml version="1.0"?>
<opencv_storage>
<pose_0 type_id="opencv-nd-matrix">
  <sizes>
    1 18 3</sizes>
  <dt>f</dt>
  <data>
    6.12095985e+01 2.15680065e+01 8.25199485e-01 6.33191643e+01
    5.21411591e+01 7.78909981e-01 3.20097542e+01 5.21745071e+01
    6.53654575e-01 1.38981771e+01 9.39065475e+01 6.03349268e-01
    2.05962801e+00 1.16166222e+02 4.62630391e-01 9.52897339e+01
    5.21654243e+01 6.80975139e-01 1.07834175e+02 8.62395096e+01
    7.58891821e-01 1.02942451e+02 1.19663513e+02 6.43967867e-01
    3.96571083e+01 1.21047974e+02 4.27702993e-01 3.19922829e+01
    1.84341904e+02 5.92810333e-01 6.19093857e+01 2.04530991e+02
    1.10387303e-01 7.65327148e+01 1.21741684e+02 4.19469059e-01
    6.39879036e+01 1.78773026e+02 5.65289557e-01 5.35764885e+01
    2.42078110e+02 5.61944664e-01 5.56468887e+01 1.59914417e+01
    8.19962919e-01 6.81812134e+01 1.80606155e+01 8.34696591e-01
    4.65979767e+01 2.01697006e+01 6.36106968e-01 8.00124969e+01
    2.29380531e+01 6.74704492e-01</data></pose_0>
</opencv_storage>
