<?xml version="1.0"?>
<opencv_storage>
<pose_0 type_id="opencv-nd-matrix">
  <sizes>
    1 18 3</sizes>
  <dt>f</dt>
  <data>
    5.35595818e+01 2.64458714e+01 8.93810809e-01 6.88654785e+01
    5.28675156e+01 7.50957489e-01 4.10357094e+01 5.28602371e+01
    6.70644641e-01 2.85191116e+01 8.83543396e+01 6.78403735e-01
    1.18304596e+01 1.24499214e+02 6.94949925e-01 9.87758789e+01
    5.35641785e+01 6.33624852e-01 1.09210876e+02 9.04228439e+01
    7.32955217e-01 1.00180580e+02 1.25200134e+02 7.49120951e-01
    3.68826027e+01 1.21037949e+02 4.29874659e-01 3.82688560e+01
    1.79469070e+02 6.32951140e-01 5.07856827e+01 2.36525116e+02
    7.43745029e-01 7.93104401e+01 1.23130768e+02 4.73325580e-01
    5.98368492e+01 1.80196060e+02 7.23354459e-01 1.00853462e+02
    2.08687332e+02 6.88781738e-01 4.80106354e+01 2.36287308e+01
    8.23406696e-01 5.91373596e+01 2.22515640e+01 7.81267703e-01
    4.24242783e+01 2.64353161e+01 3.64575326e-01 7.51141739e+01
    2.43168678e+01 5.63794255e-01</data></pose_0>
</opencv_storage>
