<?xml version="1.0"?>
<opencv_storage>
<pose_0 type_id="opencv-nd-matrix">
  <sizes>
    1 18 3</sizes>
  <dt>f</dt>
  <data>
    4.80262527e+01 2.43188343e+01 8.73747110e-01 5.84244690e+01
    5.21799202e+01 7.65291929e-01 2.85135994e+01 5.28686600e+01
    6.47214472e-01 0. 0. 0. 0. 0. 0. 8.83531570e+01 5.21930084e+01
    6.50346696e-01 1.07139214e+02 8.76461182e+01 7.66627371e-01
    1.11998039e+02 1.22428574e+02 6.98207498e-01 3.54528313e+01
    1.17569954e+02 4.91108090e-01 4.59022293e+01 1.73208832e+02
    4.64133561e-01 8.76439056e+01 2.06613571e+02 5.71534872e-01
    7.30303192e+01 1.18967102e+02 4.83234793e-01 4.66125450e+01
    1.73207748e+02 6.14026785e-01 4.10661697e+01 2.35814194e+02
    6.87430322e-01 4.52279968e+01 1.88083801e+01 8.20185661e-01
    5.63462563e+01 1.94566040e+01 8.05723190e-01 3.82754555e+01
    2.43169365e+01 1.67296052e-01 7.09603500e+01 2.43614349e+01
    6.34259462e-01</data></pose_0>
</opencv_storage>
