<?xml version="1.0"?>
<opencv_storage>
<pose_0 type_id="opencv-nd-matrix">
  <sizes>
    1 18 3</sizes>
  <dt>f</dt>
  <data>
    4.86849556e+01 1.95049057e+01 8.97506297e-01 5.70461159e+01
    4.80042267e+01 7.37175703e-01 2.71279106e+01 5.14571304e+01
    5.99073946e-01 1.32055006e+01 8.90412140e+01 2.03527048e-01 0. 0. 0.
    8.83501129e+01 4.72908554e+01 5.72232664e-01 1.07798851e+02
    8.55798111e+01 5.00721693e-01 9.94695892e+01 1.21734398e+02
    3.67131472e-01 2.99290733e+01 1.20354897e+02 4.08757359e-01
    1.80684643e+01 1.82257660e+02 5.56293011e-01 2.05637503e+00
    2.45558929e+02 2.84978598e-01 7.37298813e+01 1.23817558e+02
    3.91361922e-01 7.92826767e+01 1.86431107e+02 5.82296252e-01
    7.79070740e+01 2.35822464e+02 5.61280668e-01 4.24566879e+01
    1.46247158e+01 8.41096163e-01 5.70464325e+01 1.46364450e+01
    8.21246684e-01 3.55066071e+01 2.01655159e+01 5.70256352e-01
    6.95687256e+01 2.15626202e+01 6.19849563e-01</data></pose_0>
</opencv_storage>
