<?xml version="1.0"?>
<opencv_storage>
<pose_0 type_id="opencv-nd-matrix">
  <sizes>
    1 18 3</sizes>
  <dt>f</dt>
  <data>
    4.86931877e+01 3.05897579e+01 8.96732271e-01 5.77200966e+01
    5.63323479e+01 6.82019532e-01 2.57406521e+01 6.12123375e+01
    6.02565289e-01 1.94685669e+01 9.94846954e+01 4.51571405e-01
    7.66282034e+00 1.30057587e+02 4.80604351e-01 9.11239471e+01
    5.21612206e+01 5.14256179e-01 1.16875969e+02 9.18447647e+01
    6.86414182e-01 1.16870682e+02 1.30799194e+02 6.93272233e-01
    3.40861740e+01 1.25909180e+02 4.27308291e-01 1.80892963e+01
    1.85725052e+02 6.13039732e-01 2.04928350e+00 2.39305634e+02
    1.44467980e-01 7.93117447e+01 1.25211761e+02 4.27795380e-01
    8.83430328e+01 1.87837631e+02 6.38001442e-01 9.46160736e+01
    2.39308563e+02 6.10476673e-01 4.31273422e+01 2.50595036e+01
    8.51296127e-01 5.63412895e+01 2.50594196e+01 8.00348938e-01
    3.55024147e+01 2.99197159e+01 5.98659873e-01 6.95648117e+01
    2.92142124e+01 5.12941599e-01</data></pose_0>
</opencv_storage>
