<?xml version="1.0"?>
<opencv_storage>
<pose_0 type_id="opencv-nd-matrix">
  <sizes>
    2 18 3</sizes>
  <dt>f</dt>
  <data>
    5.77161751e+01 2.92253036e+01 8.96276653e-01 6.88534622e+01
    5.77257118e+01 6.74063206e-01 3.61657867e+01 5.98400612e+01
    5.96752167e-01 2.43529625e+01 1.04358315e+02 6.21318400e-01
    7.65892267e+00 1.41222565e+02 7.13240385e-01 1.02973083e+02
    5.70444183e+01 5.43466389e-01 1.20369415e+02 9.74017410e+01
    6.23614669e-01 1.18260658e+02 1.37046417e+02 6.24982476e-01
    3.89654045e+01 1.30084778e+02 4.22832310e-01 2.57579994e+01
    1.92711594e+02 6.52319551e-01 2.57303715e+01 2.53921646e+02
    4.03877139e-01 8.48586578e+01 1.34255432e+02 3.95821542e-01
    8.76610031e+01 2.03820511e+02 6.01010144e-01 8.83501663e+01
    2.53936203e+02 1.75430268e-01 5.21629944e+01 2.43087387e+01
    8.87686133e-01 6.40098038e+01 2.43138676e+01 8.28163981e-01
    4.38290405e+01 2.85171509e+01 3.84097099e-01 7.93129044e+01
    2.64309578e+01 5.87424815e-01 0. 0. 0. 2.05704689e+00 8.97321777e+01
    4.59855855e-01 0. 0. 0. 0. 0. 0. 0. 0. 0. 1.80815563e+01
    8.55390320e+01 6.19387865e-01 2.71276379e+01 1.09214973e+02
    9.08220112e-02 0. 0. 0. 0. 0. 0. 0. 0. 0. 0. 0. 0. 1.94746189e+01
    1.37734177e+02 1.65709749e-01 0. 0. 0. 0. 0. 0. 0. 0. 0. 0. 0. 0. 0.
    0. 0. 2.05620837e+00 6.81814880e+01 1.91750720e-01</data></pose_0>
</opencv_storage>
