<?xml version="1.0"?>
<opencv_storage>
<pose_0 type_id="opencv-nd-matrix">
  <sizes>
    1 18 3</sizes>
  <dt>f</dt>
  <data>
    5.77506104e+01 2.50392647e+01 9.04024839e-01 6.26136627e+01
    5.98206673e+01 6.60481453e-01 2.98926468e+01 6.32979851e+01
    5.45779765e-01 1.59927740e+01 1.05733345e+02 4.50937837e-01
    2.05808949e+00 1.36341446e+02 9.22129974e-02 9.67119064e+01
    5.84403610e+01 5.23292124e-01 1.18948357e+02 1.02252434e+02
    6.23501778e-01 9.67098541e+01 1.33574814e+02 6.82007074e-01
    3.47721176e+01 1.39823288e+02 3.84815365e-01 2.36439323e+01
    2.04533768e+02 6.71475291e-01 6.95239973e+00 2.53929382e+02
    3.28589588e-01 8.27766113e+01 1.42607025e+02 3.78308207e-01
    8.62813339e+01 2.03839050e+02 6.46896005e-01 9.18228531e+01
    2.53927765e+02 3.66657913e-01 5.14849129e+01 1.94668045e+01
    8.44452798e-01 6.74726562e+01 2.01870022e+01 7.91154265e-01
    4.10361519e+01 2.64304848e+01 5.72081506e-01 7.93144073e+01
    2.85268612e+01 7.09776461e-01</data></pose_0>
</opencv_storage>
