<?xml version="1.0"?>
<opencv_storage>
<pose_0 type_id="opencv-nd-matrix">
  <sizes>
    1 18 3</sizes>
  <dt>f</dt>
  <data>
    6.54007263e+01 3.47540283e+01 8.91786456e-01 7.37242889e+01
    6.32886353e+01 7.45292306e-01 4.24351616e+01 6.33197556e+01
    6.36884093e-01 2.36309032e+01 9.74146423e+01 5.87753296e-01
    2.05705857e+00 1.28699783e+02 3.19866329e-01 1.06426949e+02
    6.40135651e+01 6.56017721e-01 1.21739532e+02 9.74159317e+01
    6.22938931e-01 9.73917160e+01 1.27297592e+02 6.43674493e-01
    4.24462204e+01 1.30084747e+02 4.05703664e-01 4.31339607e+01
    1.90590408e+02 6.64384544e-01 5.28651657e+01 2.42804779e+02
    7.60256290e-01 8.34872589e+01 1.33571243e+02 4.35975373e-01
    6.95870590e+01 1.86445251e+02 6.79847181e-01 8.62384262e+01
    2.32339050e+02 5.11251807e-01 5.91431770e+01 2.98781719e+01
    9.00531530e-01 7.44027786e+01 2.92121677e+01 8.62251759e-01
    5.21922112e+01 3.54704514e+01 6.39659882e-01 8.76565475e+01
    3.47676239e+01 6.93167210e-01</data></pose_0>
</opencv_storage>
