<?xml version="1.0"?>
<opencv_storage>
<pose_0 type_id="opencv-nd-matrix">
  <sizes>
    1 18 3</sizes>
  <dt>f</dt>
  <data>
    0. 0. 0. 8.00003052e+01 1.08530006e+02 5.48511922e-01 1.06424828e+02
    1.07119423e+02 4.29574370e-01 0. 0. 0. 0. 0. 0. 5.42670097e+01
    1.12690475e+02 4.90861267e-01 0. 0. 0. 0. 0. 0. 9.73818741e+01
    2.03824722e+02 2.36694872e-01 0. 0. 0. 0. 0. 0. 4.79995880e+01
    2.03127884e+02 2.10938275e-01 2.36515026e+01 2.53929626e+02
    5.31935841e-02 0. 0. 0. 0. 0. 0. 0. 0. 0. 9.53043289e+01
    7.37288208e+01 9.96835157e-02 6.05202370e+01 7.65330276e+01
    2.91141182e-01</data></pose_0>
</opencv_storage>
