<?xml version="1.0"?>
<opencv_storage>
<pose_0 type_id="opencv-nd-matrix">
  <sizes>
    1 18 3</sizes>
  <dt>f</dt>
  <data>
    6.46834946e+01 4.03366890e+01 7.57091522e-01 6.40065155e+01
    6.67685394e+01 7.33834088e-01 3.61548309e+01 6.81524124e+01
    5.90348303e-01 2.99064426e+01 9.74017487e+01 1.78121358e-01 0. 0. 0.
    9.46012726e+01 6.74824753e+01 6.26552165e-01 1.14100471e+02
    1.02239738e+02 5.20360827e-01 1.07797081e+02 1.36344513e+02
    6.96784079e-01 4.17312317e+01 1.29389297e+02 4.11940247e-01
    5.77183266e+01 1.89900436e+02 5.14547706e-01 7.51195984e+01
    2.41371796e+02 4.45902288e-01 8.00060043e+01 1.32874207e+02
    4.65441018e-01 5.35687447e+01 1.89901703e+02 5.84785938e-01
    4.03535461e+01 2.47660645e+02 4.33048606e-01 5.84602242e+01
    3.47684975e+01 8.70988190e-01 7.16454849e+01 3.47958107e+01
    7.41246402e-01 4.73176842e+01 4.10583420e+01 7.11327076e-01
    8.06884537e+01 3.96349411e+01 6.95565343e-01</data></pose_0>
</opencv_storage>
