<?xml version="1.0"?>
<opencv_storage>
<pose_0 type_id="opencv-nd-matrix">
  <sizes>
    2 18 3</sizes>
  <dt>f</dt>
  <data>
    3.06049423e+01 7.51272278e+01 9.58965003e-01 5.21769867e+01
    1.12003334e+02 6.53770387e-01 1.94588356e+01 1.12696487e+02
    5.69099188e-01 2.05956101e+00 1.53746490e+02 2.76952356e-01
    2.05264735e+00 1.62090759e+02 5.79375215e-02 8.97340012e+01
    1.13376564e+02 4.84007299e-01 1.23824707e+02 1.51640671e+02
    4.03542638e-01 0. 0. 0. 3.47823677e+01 1.95474792e+02 3.99341226e-01
    3.68604774e+01 2.53935440e+02 2.13415965e-01 0. 0. 0. 7.51246338e+01
    1.94082932e+02 3.88580501e-01 4.80140533e+01 2.53936401e+02
    1.53557807e-01 0. 0. 0. 2.71320534e+01 6.88947906e+01 8.60481024e-01
    3.96588821e+01 6.95711212e+01 8.23877811e-01 0. 0. 0. 5.84222832e+01
    7.51628952e+01 6.26038730e-01 7.44441376e+01 1.87540550e+01
    1.22726902e-01 6.39994736e+01 2.50856476e+01 6.78777754e-01
    6.81753311e+01 2.64407578e+01 7.48987198e-01 8.00049057e+01
    3.68673706e+01 5.39040506e-01 8.69805832e+01 4.10380096e+01
    3.26257586e-01 5.91465302e+01 2.50327091e+01 4.97641474e-01 0. 0. 0.
    0. 0. 0. 6.19015007e+01 4.65847435e+01 4.10566270e-01 8.83407364e+01
    5.14675484e+01 3.04127395e-01 9.18154755e+01 7.86017227e+01
    1.11607090e-01 5.28873215e+01 4.52123985e+01 3.58914435e-01 0. 0. 0.
    0. 0. 0. 7.44271622e+01 1.66908417e+01 1.52375355e-01 0. 0. 0.
    7.16652069e+01 1.73995934e+01 5.37081957e-01 0. 0. 0.</data></pose_0>
</opencv_storage>
