<?xml version="1.0"?>
<opencv_storage>
<pose_0 type_id="opencv-nd-matrix">
  <sizes>
    1 18 3</sizes>
  <dt>f</dt>
  <data>
    4.10360031e+01 2.85228081e+01 9.29525852e-01 5.91284409e+01
    5.56520424e+01 6.73741460e-01 3.33953094e+01 5.70290985e+01
    6.27823293e-01 1.72866166e+00 9.46050949e+01 6.79181337e-01 0. 0. 0.
    8.69611130e+01 5.63461266e+01 5.54740310e-01 1.18245171e+02
    8.97492065e+01 7.54170179e-01 1.34939697e+02 1.21742386e+02
    4.62146133e-01 4.72979507e+01 1.28691589e+02 3.58052671e-01
    7.99869919e+01 1.74578278e+02 6.69704974e-01 1.14786583e+02
    2.14285034e+02 7.79762387e-01 7.58190689e+01 1.25222527e+02
    4.47796822e-01 4.31471596e+01 1.89222046e+02 6.99208736e-01
    1.94599876e+01 2.47628265e+02 6.38706267e-01 3.68623123e+01
    2.36358376e+01 8.63159716e-01 4.73339920e+01 2.43376389e+01
    8.88562083e-01 0. 0. 0. 6.47036285e+01 2.78170643e+01 5.98950803e-01</data></pose_0>
</opencv_storage>
