<?xml version="1.0"?>
<opencv_storage>
<pose_0 type_id="opencv-nd-matrix">
  <sizes>
    1 18 3</sizes>
  <dt>f</dt>
  <data>
    3.47894478e+01 2.43723431e+01 9.02753353e-01 5.77187233e+01
    5.21909065e+01 6.83212519e-01 3.05960426e+01 5.49591141e+01
    5.67917705e-01 2.08678017e+01 9.60013809e+01 7.51741827e-01
    2.05321527e+00 1.19642517e+02 2.75216073e-01 8.55770721e+01
    5.14747086e+01 5.57386756e-01 1.08534607e+02 8.62900162e+01
    7.99190164e-01 1.11981537e+02 1.23800163e+02 7.86908746e-01
    4.03375435e+01 1.28686920e+02 4.76368606e-01 3.54829330e+01
    1.85756683e+02 6.84988022e-01 9.25328827e+01 2.18424530e+02
    4.69283104e-01 7.58238754e+01 1.23826248e+02 4.47329193e-01
    6.81527557e+01 1.85047577e+02 7.18224645e-01 7.44090424e+01
    2.42084183e+02 6.93775833e-01 3.12961388e+01 1.94570122e+01
    8.25547636e-01 4.17189255e+01 1.94801331e+01 8.39146733e-01 0. 0. 0.
    5.84382401e+01 2.29498920e+01 5.20463765e-01</data></pose_0>
</opencv_storage>
