<?xml version="1.0"?>
<opencv_storage>
<pose_0 type_id="opencv-nd-matrix">
  <sizes>
    1 18 3</sizes>
  <dt>f</dt>
  <data>
    5.77450867e+01 2.36572723e+01 9.35529649e-01 5.91505051e+01
    5.42774582e+01 7.05041587e-01 2.92187309e+01 5.70351524e+01
    6.30470634e-01 1.46012220e+01 9.53096161e+01 6.99343562e-01
    2.05729866e+00 1.25203987e+02 3.79450321e-01 9.25144424e+01
    5.35739746e+01 6.10022366e-01 1.08537743e+02 9.46144409e+01
    6.57416940e-01 9.46035080e+01 1.31497818e+02 6.52668536e-01
    3.05905571e+01 1.25919662e+02 4.14018303e-01 3.33992500e+01
    1.89214996e+02 5.70385993e-01 3.54575462e+01 2.53916733e+02
    5.25845289e-01 7.44264145e+01 1.33557022e+02 4.08342123e-01
    7.37456665e+01 1.95476151e+02 6.52111888e-01 1.00871521e+02
    2.14977066e+02 5.46611249e-01 5.21626930e+01 1.87505951e+01
    8.82726252e-01 6.46984482e+01 1.88011112e+01 8.70854855e-01
    4.24252396e+01 2.43514519e+01 6.48327529e-01 7.92851715e+01
    2.50640640e+01 7.04174042e-01</data></pose_0>
</opencv_storage>
