<?xml version="1.0"?>
<opencv_storage>
<pose_0 type_id="opencv-nd-matrix">
  <sizes>
    1 18 3</sizes>
  <dt>f</dt>
  <data>
    3.55057144e+01 2.43573170e+01 9.46594656e-01 5.77390137e+01
    5.70306931e+01 7.24638879e-01 2.92127724e+01 5.56615372e+01
    6.28898621e-01 1.72865558e+00 9.53067703e+01 6.18201137e-01 0. 0. 0.
    8.83366318e+01 5.77456169e+01 6.02343500e-01 1.16874344e+02
    8.90324478e+01 6.67916775e-01 1.41934174e+02 1.20349297e+02
    2.94835269e-01 4.10578308e+01 1.32167465e+02 4.02289838e-01
    7.58287201e+01 1.85033859e+02 6.35758579e-01 1.22430069e+02
    2.13558899e+02 6.42310321e-01 7.37318573e+01 1.30091858e+02
    4.76291716e-01 4.10236053e+01 1.87133865e+02 6.83999240e-01
    2.99128342e+01 2.53924011e+02 5.14123857e-01 3.40882187e+01
    1.88022251e+01 8.15676570e-01 4.24525909e+01 1.94738636e+01
    8.13209116e-01 0. 0. 0. 5.98338661e+01 2.43171158e+01 5.88277698e-01</data></pose_0>
</opencv_storage>
