<?xml version="1.0"?>
<opencv_storage>
<pose_0 type_id="opencv-nd-matrix">
  <sizes>
    1 18 3</sizes>
  <dt>f</dt>
  <data>
    7.72246780e+01 4.80189857e+01 8.23120952e-01 8.34821243e+01
    7.51099548e+01 7.46700883e-01 5.49552307e+01 7.44587708e+01
    6.50483370e-01 3.61659393e+01 1.07821663e+02 6.97142243e-01
    1.04449339e+01 1.30791214e+02 6.24137342e-01 1.12682411e+02
    7.51540909e+01 6.46491587e-01 1.25246017e+02 1.07127762e+02
    6.45262957e-01 1.05735626e+02 1.30086243e+02 7.15514302e-01
    5.56589088e+01 1.31489395e+02 4.49597865e-01 5.91536522e+01
    1.86429871e+02 6.84417784e-01 6.95645905e+01 2.31654434e+02
    6.75405562e-01 9.39118500e+01 1.35656372e+02 4.72088039e-01
    7.37352600e+01 1.80148880e+02 6.92745030e-01 8.34777679e+01
    2.27474274e+02 5.57927072e-01 7.16594467e+01 4.45289001e+01
    7.95304596e-01 8.48774948e+01 4.45118866e+01 7.77829349e-01
    6.47038498e+01 5.14645958e+01 4.76189554e-01 9.73853073e+01
    5.07707062e+01 6.81176901e-01</data></pose_0>
</opencv_storage>
