<?xml version="1.0"?>
<opencv_storage>
<pose_0 type_id="opencv-nd-matrix">
  <sizes>
    1 18 3</sizes>
  <dt>f</dt>
  <data>
    5.35803299e+01 3.89445724e+01 8.24250937e-01 6.26197624e+01
    6.32896385e+01 6.83095336e-01 3.13022938e+01 6.32798729e+01
    6.00446939e-01 0. 0. 0. 0. 0. 0. 9.59870148e+01 6.40131760e+01
    5.60871899e-01 1.09236328e+02 1.02983658e+02 6.93583846e-01
    1.05736320e+02 1.41221573e+02 7.51173675e-01 3.06300297e+01
    1.33562973e+02 4.30875659e-01 5.77268524e+01 1.91991577e+02
    5.14850080e-01 8.41738052e+01 2.37215378e+02 6.27492785e-01
    7.44142532e+01 1.36348190e+02 4.59237903e-01 4.80097466e+01
    1.91998871e+02 5.44703484e-01 3.06341267e+01 2.53915741e+02
    4.10809338e-01 4.87014732e+01 3.26984062e+01 8.12027872e-01
    6.25878448e+01 3.47824211e+01 8.05039287e-01 4.10230103e+01
    3.61840858e+01 6.41033947e-01 7.58248291e+01 3.96621284e+01
    5.70835114e-01</data></pose_0>
</opencv_storage>
