<?xml version="1.0"?>
<opencv_storage>
<pose_0 type_id="opencv-nd-matrix">
  <sizes>
    1 18 3</sizes>
  <dt>f</dt>
  <data>
    5.91462097e+01 2.85136127e+01 8.17328811e-01 6.25987320e+01
    5.63546143e+01 7.34726191e-01 3.06257420e+01 5.63434410e+01
    6.22499526e-01 9.75006104e+00 8.62750473e+01 5.88816285e-01
    2.05219650e+00 1.01557594e+02 1.65272623e-01 9.46039276e+01
    5.84189644e+01 6.30287170e-01 1.07802780e+02 9.53100739e+01
    7.21594095e-01 1.09221390e+02 1.30814026e+02 7.62768030e-01
    3.75759850e+01 1.23129692e+02 4.67579782e-01 5.77145462e+01
    1.80155106e+02 4.76680040e-01 8.62461395e+01 2.24705215e+02
    5.84419847e-01 7.86167526e+01 1.23825241e+02 4.90027785e-01
    4.87103157e+01 1.80158447e+02 5.48196077e-01 4.10281982e+01
    2.48348618e+02 4.99186993e-01 5.35622253e+01 2.36237125e+01
    8.53280783e-01 6.74777985e+01 2.43391037e+01 8.10463965e-01
    4.45220909e+01 2.91922531e+01 6.53252900e-01 7.92960281e+01
    2.99283886e+01 6.85072184e-01</data></pose_0>
</opencv_storage>
