<?xml version="1.0"?>
<opencv_storage>
<pose_0 type_id="opencv-nd-matrix">
  <sizes>
    1 18 3</sizes>
  <dt>f</dt>
  <data>
    5.42624969e+01 4.66103134e+01 9.26345944e-01 6.32752838e+01
    7.44047699e+01 7.77147293e-01 3.54863739e+01 7.51507263e+01
    6.88794076e-01 2.15691986e+01 1.07129768e+02 4.35841888e-01
    7.67337418e+00 1.34246613e+02 4.04695064e-01 9.18174210e+01
    7.30396957e+01 6.29323840e-01 1.09239182e+02 1.04361320e+02
    6.31344497e-01 1.03669563e+02 1.35669968e+02 6.85841978e-01
    3.96581001e+01 1.31478668e+02 4.58386928e-01 2.91978416e+01
    1.80176758e+02 6.29345834e-01 1.18317490e+01 2.35130783e+02
    6.03513122e-01 7.65297012e+01 1.34266296e+02 4.31401372e-01
    8.13889084e+01 1.86414505e+02 7.15528607e-01 8.69838181e+01
    2.30953232e+02 6.60396934e-01 5.00853310e+01 4.17496567e+01
    9.03144538e-01 6.05282364e+01 4.17607422e+01 8.66578937e-01
    4.17614517e+01 4.73087921e+01 7.01976001e-01 7.30468063e+01
    4.72815781e+01 7.32836664e-01</data></pose_0>
</opencv_storage>
