<?xml version="1.0"?>
<opencv_storage>
<pose_0 type_id="opencv-nd-matrix">
  <sizes>
    1 18 3</sizes>
  <dt>f</dt>
  <data>
    5.91347389e+01 2.99173489e+01 9.10964131e-01 6.67844467e+01
    5.28937569e+01 6.78831995e-01 3.61703033e+01 5.63516617e+01
    5.97868502e-01 1.32039156e+01 9.11527328e+01 6.02608621e-01
    2.05090547e+00 1.03655182e+02 1.05849788e-01 1.01556618e+02
    5.28505287e+01 5.48061669e-01 1.14780067e+02 9.04148712e+01
    6.80408537e-01 1.16874397e+02 1.25909714e+02 7.12130129e-01
    4.03291092e+01 1.20342979e+02 4.29881632e-01 4.86858635e+01
    1.75309891e+02 4.88085479e-01 5.77184296e+01 2.36521225e+02
    3.46142501e-01 8.20874786e+01 1.20359444e+02 4.40288097e-01
    5.42717514e+01 1.73916580e+02 5.15140653e-01 6.81798706e+01
    2.34432846e+02 4.48381126e-01 5.42542076e+01 2.50268841e+01
    8.40560198e-01 6.74639206e+01 2.50495834e+01 7.97527313e-01
    4.66318054e+01 2.98727627e+01 4.93834108e-01 8.00165482e+01
    2.99029083e+01 5.93969285e-01</data></pose_0>
</opencv_storage>
