<?xml version="1.0"?>
<opencv_storage>
<pose_0 type_id="opencv-nd-matrix">
  <sizes>
    1 18 3</sizes>
  <dt>f</dt>
  <data>
    5.84211349e+01 2.50193958e+01 9.28921342e-01 6.88836212e+01
    4.73305740e+01 7.42395639e-01 4.03360023e+01 4.66310463e+01
    6.35613441e-01 2.29463577e+01 9.04166489e+01 6.47433817e-01
    2.06121564e+00 1.20366943e+02 6.22462153e-01 9.87837372e+01
    5.07822838e+01 5.84960103e-01 1.19637024e+02 8.27910919e+01
    6.74328327e-01 1.16172050e+02 1.19680222e+02 6.89335346e-01
    3.96615601e+01 1.18964066e+02 4.30877179e-01 2.99255409e+01
    1.75304077e+02 7.06609011e-01 5.21461754e+01 2.22614777e+02
    6.83409691e-01 8.14003754e+01 1.23816673e+02 4.15467381e-01
    8.07067795e+01 1.83650192e+02 6.43825054e-01 7.51392059e+01
    2.35844925e+02 6.98226333e-01 5.28769913e+01 1.94524765e+01
    9.22054231e-01 6.47175903e+01 1.95139542e+01 8.25087309e-01
    4.65929604e+01 2.36552601e+01 5.17587304e-01 7.99834061e+01
    2.43462620e+01 6.01223469e-01</data></pose_0>
</opencv_storage>
