<?xml version="1.0"?>
<opencv_storage>
<pose_0 type_id="opencv-nd-matrix">
  <sizes>
    1 18 3</sizes>
  <dt>f</dt>
  <data>
    6.05200539e+01 1.94959469e+01 9.07700837e-01 6.95725632e+01
    5.21680336e+01 7.44999468e-01 3.89622803e+01 5.21469421e+01
    6.01222396e-01 2.08695889e+01 9.11422119e+01 5.39278388e-01
    2.05625081e+00 1.23825722e+02 1.23368919e-01 1.02245399e+02
    5.28872643e+01 6.48180664e-01 1.15488731e+02 9.18201523e+01
    6.32737458e-01 9.52985611e+01 1.25210846e+02 6.37817919e-01
    4.03571053e+01 1.23125244e+02 3.77822906e-01 4.03557968e+01
    1.86441483e+02 5.93149006e-01 4.59218826e+01 2.46268341e+02
    6.74686790e-01 8.06857529e+01 1.26602043e+02 4.19914871e-01
    6.88710938e+01 1.86415405e+02 6.52248263e-01 9.11396255e+01
    2.22615082e+02 3.60963792e-01 5.56382217e+01 1.46197786e+01
    8.41288567e-01 6.88623428e+01 1.52982044e+01 8.34840655e-01
    4.73202934e+01 2.08746395e+01 4.78160501e-01 8.41585236e+01
    2.36301975e+01 6.72172427e-01</data></pose_0>
</opencv_storage>
