<?xml version="1.0"?>
<opencv_storage>
<pose_0 type_id="opencv-nd-matrix">
  <sizes>
    1 18 3</sizes>
  <dt>f</dt>
  <data>
    6.05130920e+01 2.43652287e+01 8.87089849e-01 6.33132324e+01
    5.63542023e+01 7.51233459e-01 3.20037537e+01 5.77557449e+01
    6.25564754e-01 2.08679314e+01 9.32244949e+01 6.10997915e-01
    8.32636929e+00 1.20368034e+02 6.59404814e-01 9.66814499e+01
    5.70549164e+01 6.22618437e-01 1.14107895e+02 9.11213760e+01
    6.66306376e-01 1.02936577e+02 1.20346382e+02 7.18353450e-01
    3.54749184e+01 1.24522652e+02 4.50460017e-01 3.54617615e+01
    1.78792465e+02 6.73629344e-01 3.33905983e+01 2.41403366e+02
    6.71934783e-01 8.06839066e+01 1.25910744e+02 4.31713939e-01
    8.14146500e+01 1.85723892e+02 6.99888408e-01 1.08544662e+02
    2.13559158e+02 5.66231012e-01 5.42715302e+01 1.94886513e+01
    8.55808973e-01 6.81728363e+01 2.01818047e+01 8.48631799e-01
    4.65871811e+01 2.57550240e+01 6.89163387e-01 8.06869125e+01
    2.91902485e+01 6.53176367e-01</data></pose_0>
</opencv_storage>
