<?xml version="1.0"?>
<opencv_storage>
<pose_0 type_id="opencv-nd-matrix">
  <sizes>
    1 18 3</sizes>
  <dt>f</dt>
  <data>
    6.39829102e+01 3.05781345e+01 9.65773523e-01 6.81747742e+01
    5.84442062e+01 7.62964666e-01 3.75595093e+01 5.77541504e+01
    6.44567013e-01 1.87771378e+01 9.52923431e+01 5.75784981e-01
    2.05926418e+00 1.18260452e+02 5.13619900e-01 9.87738495e+01
    5.98401833e+01 6.29064083e-01 1.14784843e+02 9.25303116e+01
    5.65249026e-01 1.12684311e+02 1.25915649e+02 6.70155168e-01
    4.03446388e+01 1.27999611e+02 4.40467387e-01 3.54793015e+01
    1.90605560e+02 6.43395007e-01 5.98240318e+01 2.36523376e+02
    2.59206861e-01 8.13943787e+01 1.30074860e+02 4.54506934e-01
    7.37242661e+01 1.85049469e+02 6.04104936e-01 6.47060089e+01
    2.46263092e+02 5.16032875e-01 5.77414246e+01 2.50612316e+01
    9.08542871e-01 7.02642593e+01 2.50721664e+01 8.50610197e-01
    4.79930611e+01 3.06124401e+01 7.41107464e-01 8.27757797e+01
    3.06448631e+01 6.63184822e-01</data></pose_0>
</opencv_storage>
