<?xml version="1.0"?>
<opencv_storage>
<pose_0 type_id="opencv-nd-matrix">
  <sizes>
    1 18 3</sizes>
  <dt>f</dt>
  <data>
    4.72932854e+01 2.57449551e+01 8.57415676e-01 6.32786026e+01
    5.14690285e+01 6.74739659e-01 3.54584541e+01 5.14779434e+01
    6.14370108e-01 1.38872538e+01 7.72264633e+01 6.37682796e-01
    2.05189705e+00 9.74020233e+01 1.58060774e-01 9.18302231e+01
    5.21512337e+01 5.61530948e-01 1.14120316e+02 9.04393692e+01
    7.48908043e-01 1.24508881e+02 1.27993919e+02 5.82780361e-01
    3.82533684e+01 1.23817368e+02 4.70478863e-01 6.95849228e+01
    1.81554382e+02 6.73392057e-01 9.94883728e+01 2.26084290e+02
    7.44135439e-01 7.44346313e+01 1.25211372e+02 4.91233587e-01
    4.65989647e+01 1.85736832e+02 7.10369229e-01 2.29610348e+01
    2.47646225e+02 6.39929593e-01 4.24285507e+01 2.08711681e+01
    7.36791253e-01 5.35724678e+01 2.08626995e+01 7.34082520e-01
    3.61843071e+01 2.50206299e+01 1.07323930e-01 6.95509338e+01
    2.43171692e+01 5.67679465e-01</data></pose_0>
</opencv_storage>
