<?xml version="1.0"?>
<opencv_storage>
<pose_0 type_id="opencv-nd-matrix">
  <sizes>
    1 18 3</sizes>
  <dt>f</dt>
  <data>
    5.77560387e+01 5.84198380e+01 1.01933026e+00 7.44521255e+01
    8.00077972e+01 7.81881332e-01 4.73316650e+01 8.00210800e+01
    6.99014008e-01 3.68837929e+01 1.12684586e+02 7.44706333e-01
    1.38860826e+01 1.41244431e+02 8.35674286e-01 1.02246651e+02
    8.06771088e+01 6.97751999e-01 1.14796822e+02 1.12002205e+02
    7.80300856e-01 1.13423355e+02 1.41181213e+02 8.55517030e-01
    5.42733955e+01 1.39818848e+02 5.32469690e-01 7.51562576e+01
    1.85715775e+02 6.77642822e-01 9.04349823e+01 2.26093369e+02
    7.56436348e-01 8.90336914e+01 1.38443542e+02 5.60798049e-01
    5.77608299e+01 1.86461456e+02 8.07692349e-01 7.16550140e+01
    2.30941025e+02 7.37907529e-01 5.35524597e+01 5.42499161e+01
    8.69614840e-01 6.32910538e+01 5.29037132e+01 9.24557984e-01
    4.87096100e+01 5.77154465e+01 1.15499966e-01 7.65244827e+01
    5.49626923e+01 6.06786549e-01</data></pose_0>
</opencv_storage>
