<?xml version="1.0"?>
<opencv_storage>
<pose_0 type_id="opencv-nd-matrix">
  <sizes>
    1 18 3</sizes>
  <dt>f</dt>
  <data>
    4.72803955e+01 2.50444241e+01 9.33165669e-01 5.91427803e+01
    5.42716217e+01 6.87843084e-01 2.99195747e+01 5.63502274e+01
    6.16904020e-01 9.74461651e+00 9.18491592e+01 6.47968829e-01
    2.05072641e+00 1.06436600e+02 7.51832351e-02 9.11364517e+01
    5.49452209e+01 5.90943575e-01 1.12698959e+02 8.97483597e+01
    7.11140633e-01 1.27305893e+02 1.28690567e+02 4.96565223e-01
    3.82628708e+01 1.20353462e+02 4.48125780e-01 5.70338593e+01
    1.80865616e+02 5.36849976e-01 1.00869751e+02 2.03832077e+02
    7.55445421e-01 7.51231918e+01 1.19659760e+02 4.47892576e-01
    4.59092407e+01 1.79472153e+02 5.41598797e-01 4.03322220e+01
    2.42793106e+02 6.10181093e-01 4.17643852e+01 1.94830647e+01
    8.76189232e-01 5.35776100e+01 2.01804657e+01 8.22076678e-01
    3.54999428e+01 2.43342514e+01 3.24640870e-01 6.95663681e+01
    2.50794907e+01 6.47932291e-01</data></pose_0>
</opencv_storage>
