<?xml version="1.0"?>
<opencv_storage>
<pose_0 type_id="opencv-nd-matrix">
  <sizes>
    1 18 3</sizes>
  <dt>f</dt>
  <data>
    5.14673576e+01 3.61518707e+01 9.09737825e-01 5.77476692e+01
    7.02536392e+01 6.52369320e-01 2.15703506e+01 6.95618362e+01
    4.58187044e-01 2.05771351e+00 9.67073135e+01 1.37359157e-01 0. 0. 0.
    9.59924393e+01 7.37484741e+01 5.14077544e-01 1.14799004e+02
    1.12702240e+02 5.94131351e-01 1.17554070e+02 1.58619675e+02
    7.00867534e-01 2.78284512e+01 1.48874786e+02 3.35407674e-01
    2.01740665e+01 2.28864761e+02 2.50678271e-01 0. 0. 0. 7.65154037e+01
    1.53741241e+02 2.88459092e-01 5.28820610e+01 2.20514435e+02
    4.51414943e-01 0. 0. 0. 4.52233772e+01 2.99239273e+01 8.81057858e-01
    5.91339798e+01 3.06150665e+01 8.37616503e-01 3.54536819e+01
    3.54916840e+01 5.23235321e-01 7.51399841e+01 3.82570190e+01
    6.08357072e-01</data></pose_0>
</opencv_storage>
