<?xml version="1.0"?>
<opencv_storage>
<pose_0 type_id="opencv-nd-matrix">
  <sizes>
    1 18 3</sizes>
  <dt>f</dt>
  <data>
    7.86065903e+01 5.07945061e+01 8.25259626e-01 7.58366852e+01
    7.79031906e+01 7.13673711e-01 4.73264351e+01 7.79188156e+01
    6.52194381e-01 2.50568371e+01 1.02977997e+02 7.30333209e-01
    1.72896528e+00 1.25207794e+02 6.46041870e-01 1.05051796e+02
    7.86010742e+01 5.59517920e-01 1.24508224e+02 1.06430763e+02
    3.28747988e-01 1.17561256e+02 1.39135513e+02 5.55420101e-01
    5.21775856e+01 1.37035645e+02 4.70347166e-01 6.88830948e+01
    1.86435059e+02 4.87814993e-01 8.06717987e+01 2.37207596e+02
    6.72536969e-01 9.04269638e+01 1.37042969e+02 5.05126238e-01
    6.95571747e+01 1.86443253e+02 5.86577475e-01 5.21886787e+01
    2.41397095e+02 6.02798820e-01 7.30452194e+01 4.59083977e+01
    8.46169651e-01 8.55392075e+01 4.66043739e+01 8.61314058e-01
    6.39914093e+01 5.14588394e+01 7.79152155e-01 9.32125244e+01
    5.21682396e+01 6.34471416e-01</data></pose_0>
</opencv_storage>
