<?xml version="1.0"?>
<opencv_storage>
<pose_0 type_id="opencv-nd-matrix">
  <sizes>
    1 18 3</sizes>
  <dt>f</dt>
  <data>
    6.25859299e+01 3.54917603e+01 9.18354034e-01 6.88706131e+01
    6.32897110e+01 7.67834663e-01 4.17426186e+01 6.32893295e+01
    6.51543260e-01 2.85062675e+01 9.73763275e+01 5.45044541e-01
    6.96707106e+00 1.30060471e+02 6.18953228e-01 9.66765671e+01
    6.39760933e+01 6.41001940e-01 1.13412033e+02 9.66845932e+01
    5.18763721e-01 1.07834511e+02 1.25204529e+02 5.93507946e-01
    4.24333076e+01 1.26604416e+02 4.49126780e-01 3.26898460e+01
    1.80864059e+02 6.67820394e-01 4.38297081e+01 2.36523010e+02
    5.82529902e-01 8.34862976e+01 1.29398483e+02 4.35467780e-01
    8.06702347e+01 1.89901978e+02 6.53757334e-01 7.51259995e+01
    2.42074875e+02 6.78720236e-01 5.70414085e+01 3.06300545e+01
    8.86483431e-01 6.81762238e+01 3.05994358e+01 8.86158705e-01
    4.93915596e+01 3.55094337e+01 6.97852015e-01 7.93096542e+01
    3.54524651e+01 7.10457444e-01</data></pose_0>
</opencv_storage>
