<?xml version="1.0"?>
<opencv_storage>
<pose_0 type_id="opencv-nd-matrix">
  <sizes>
    1 18 3</sizes>
  <dt>f</dt>
  <data>
    6.12139168e+01 2.36264133e+01 8.43732834e-01 6.81603699e+01
    5.35760422e+01 7.57424474e-01 3.96404266e+01 5.49591064e+01
    6.54457510e-01 2.98962688e+01 9.11414490e+01 5.91005325e-01
    1.87948647e+01 1.17570877e+02 7.09125578e-01 9.73752289e+01
    5.42587852e+01 6.35600865e-01 1.07827911e+02 8.97305222e+01
    5.59970379e-01 1.03640900e+02 1.24491997e+02 6.91534817e-01
    4.31230431e+01 1.17563217e+02 4.75003183e-01 3.61739426e+01
    1.78778854e+02 5.81304133e-01 3.13205414e+01 2.39299026e+02
    5.85875154e-01 8.00142593e+01 1.20341583e+02 4.72206175e-01
    8.13932648e+01 1.79482468e+02 6.81216896e-01 9.94680481e+01
    2.14244659e+02 5.89852214e-01 5.63467751e+01 1.87564430e+01
    8.42041969e-01 6.81510544e+01 1.87630215e+01 8.42854559e-01
    4.87006836e+01 2.43363457e+01 5.85397482e-01 7.92895279e+01
    2.36543655e+01 6.18068457e-01</data></pose_0>
</opencv_storage>
