<?xml version="1.0"?>
<opencv_storage>
<pose_0 type_id="opencv-nd-matrix">
  <sizes>
    1 18 3</sizes>
  <dt>f</dt>
  <data>
    5.35887909e+01 5.98158493e+01 8.63214731e-01 5.42715225e+01
    9.18061295e+01 7.00604737e-01 2.43403263e+01 9.11508713e+01
    5.17025888e-01 0. 0. 0. 0. 0. 0. 8.62611542e+01 9.25276947e+01
    6.01730287e-01 1.05034760e+02 1.32171646e+02 7.15838015e-01
    8.55499115e+01 1.57904327e+02 7.37011313e-01 2.92072487e+01
    1.62788513e+02 3.81624162e-01 2.57363071e+01 2.30250397e+02
    4.42900687e-01 0. 0. 0. 7.09543991e+01 1.67654541e+02 3.97554696e-01
    4.72838898e+01 2.20534836e+02 6.10570014e-01 0. 0. 0. 4.86896133e+01
    5.35613785e+01 8.67567539e-01 6.26037216e+01 5.70415154e+01
    8.45183313e-01 3.68578491e+01 5.84676819e+01 6.76661611e-01
    7.37205200e+01 6.39822273e+01 6.18018389e-01</data></pose_0>
</opencv_storage>
