<?xml version="1.0"?>
<opencv_storage>
<pose_0 type_id="opencv-nd-matrix">
  <sizes>
    1 18 3</sizes>
  <dt>f</dt>
  <data>
    5.28564568e+01 6.54018402e+01 8.96401048e-01 5.35845604e+01
    9.46131210e+01 6.97877824e-01 2.22647762e+01 9.18047638e+01
    5.71977913e-01 6.25684834e+00 1.34958832e+02 1.97528064e-01
    2.07027650e+00 1.48169327e+02 5.68472780e-02 8.62513123e+01
    9.74175949e+01 6.30573630e-01 1.02959496e+02 1.35660110e+02
    6.08378649e-01 8.06907806e+01 1.66258865e+02 7.17426538e-01
    2.57499905e+01 1.70439270e+02 3.87874663e-01 2.15767403e+01
    2.38604523e+02 4.66914475e-01 0. 0. 0. 6.74809570e+01 1.74607437e+02
    3.86009693e-01 5.77309113e+01 2.37220642e+02 4.80306774e-01 0. 0. 0.
    4.72985191e+01 5.91372261e+01 8.78919482e-01 6.05100288e+01
    6.19206467e+01 8.21205735e-01 3.61676826e+01 6.33162727e+01
    7.00433314e-01 7.16529236e+01 6.81583176e+01 6.72660768e-01</data></pose_0>
</opencv_storage>
