<?xml version="1.0"?>
<opencv_storage>
<pose_0 type_id="opencv-nd-matrix">
  <sizes>
    1 18 3</sizes>
  <dt>f</dt>
  <data>
    6.74791870e+01 2.71352539e+01 8.19686294e-01 7.23589859e+01
    5.70547104e+01 7.42660880e-01 4.52140503e+01 5.42569122e+01
    6.48332119e-01 2.36475163e+01 8.76539917e+01 5.94103038e-01 0. 0. 0.
    1.00859802e+02 5.91517487e+01 6.45830214e-01 1.14087196e+02
    8.97420883e+01 6.23188138e-01 1.12684967e+02 1.20342003e+02
    6.60568357e-01 5.00840187e+01 1.16875473e+02 4.04338688e-01
    4.45224991e+01 1.77388290e+02 2.37707868e-01 4.66090775e+01
    1.87142151e+02 2.58128285e-01 8.69710617e+01 1.20349525e+02
    4.47314680e-01 6.74676132e+01 1.72519913e+02 5.51048279e-01
    6.19216537e+01 2.39306366e+02 4.53005880e-01 6.19128990e+01
    2.36422234e+01 7.92220116e-01 7.37351074e+01 2.36322651e+01
    7.32056916e-01 5.28864212e+01 2.92241135e+01 7.41906404e-01
    8.69620590e+01 2.85344925e+01 6.45090520e-01</data></pose_0>
</opencv_storage>
