<?xml version="1.0"?>
<opencv_storage>
<pose_0 type_id="opencv-nd-matrix">
  <sizes>
    1 18 3</sizes>
  <dt>f</dt>
  <data>
    4.24258537e+01 2.99258614e+01 9.19284284e-01 5.77166138e+01
    5.91231575e+01 7.14449763e-01 2.50664501e+01 5.98289566e+01
    6.04067028e-01 9.73979378e+00 9.81001511e+01 6.29424274e-01
    2.05041218e+00 1.18949371e+02 8.36512148e-02 9.11374054e+01
    5.98344154e+01 5.47506273e-01 1.12010254e+02 9.67124557e+01
    7.13818967e-01 1.21742767e+02 1.36345825e+02 7.29078710e-01
    3.54687004e+01 1.30790955e+02 4.70334172e-01 3.12963219e+01
    1.93401733e+02 5.83317578e-01 8.83563461e+01 2.19821838e+02
    3.22978824e-01 7.58317184e+01 1.30083450e+02 4.46856081e-01
    5.77136879e+01 1.88525620e+02 6.57353044e-01 5.77340889e+01
    2.53919861e+02 4.43815112e-01 3.68665314e+01 2.50154133e+01
    8.38612139e-01 5.07861443e+01 2.43734322e+01 8.27477276e-01
    3.05756607e+01 2.99023724e+01 3.05785894e-01 6.60778198e+01
    2.92115669e+01 5.60322046e-01</data></pose_0>
</opencv_storage>
