<?xml version="1.0"?>
<opencv_storage>
<pose_0 type_id="opencv-nd-matrix">
  <sizes>
    1 18 3</sizes>
  <dt>f</dt>
  <data>
    5.70204391e+01 2.29456730e+01 8.57808650e-01 6.12102814e+01
    5.35556755e+01 7.10686028e-01 2.99220085e+01 5.35605164e+01
    6.14134610e-01 1.39081154e+01 9.18133621e+01 6.57716691e-01
    2.05430937e+00 1.14785255e+02 1.77159593e-01 9.25348358e+01
    5.42640953e+01 6.23895168e-01 1.07839355e+02 9.18591461e+01
    7.36075461e-01 9.18582993e+01 1.25229156e+02 6.90153658e-01
    2.99143124e+01 1.27310249e+02 4.33089197e-01 3.54671707e+01
    1.91309570e+02 6.92756534e-01 3.89468880e+01 2.47631912e+02
    6.80823982e-01 7.37367935e+01 1.32868271e+02 4.42029238e-01
    6.95523376e+01 1.90598007e+02 6.04432702e-01 9.39114914e+01
    2.15665833e+02 5.25881290e-01 5.00808449e+01 1.67073689e+01
    8.03533018e-01 6.39880714e+01 1.80890121e+01 8.50620270e-01
    4.10361176e+01 2.36374798e+01 6.13319516e-01 7.65133133e+01
    2.43536053e+01 6.77328706e-01</data></pose_0>
</opencv_storage>
