<?xml version="1.0"?>
<opencv_storage>
<pose_0 type_id="opencv-nd-matrix">
  <sizes>
    1 18 3</sizes>
  <dt>f</dt>
  <data>
    3.05938377e+01 6.33161469e+01 9.34070408e-01 5.63359566e+01
    9.73691559e+01 6.36776805e-01 2.43497448e+01 9.87844772e+01
    4.98816460e-01 0. 0. 0. 0. 0. 0. 8.97285690e+01 9.67071609e+01
    5.22084355e-01 9.87807541e+01 1.37749008e+02 6.68271124e-01
    6.88761215e+01 1.70450623e+02 6.35301352e-01 2.43577099e+01
    1.77387039e+02 4.08914447e-01 8.37036514e+00 2.42079025e+02
    5.79473615e-01 0. 0. 0. 7.23497772e+01 1.80866638e+02 3.54133129e-01
    9.32336426e+01 2.43478348e+02 3.39575559e-01 0. 0. 0. 2.57359734e+01
    5.84416580e+01 7.67408073e-01 3.68700218e+01 5.77089195e+01
    7.30244637e-01 0. 0. 0. 5.77391891e+01 5.84577332e+01 6.32935584e-01</data></pose_0>
</opencv_storage>
