<?xml version="1.0"?>
<opencv_storage>
<pose_0 type_id="opencv-nd-matrix">
  <sizes>
    1 18 3</sizes>
  <dt>f</dt>
  <data>
    4.73105316e+01 2.99297485e+01 8.78101587e-01 6.60950623e+01
    5.77556496e+01 6.25419378e-01 3.61824951e+01 5.77326279e+01
    4.38042462e-01 0. 0. 0. 0. 0. 0. 9.73843002e+01 5.91298637e+01
    5.71068823e-01 1.14098244e+02 1.00854958e+02 7.33217061e-01
    9.73744736e+01 1.39825897e+02 7.76167333e-01 3.54628372e+01
    1.34257477e+02 3.72241765e-01 1.25140467e+01 1.98950394e+02
    5.21701992e-01 1.11210070e+01 2.53939941e+02 1.34814397e-01
    8.20806503e+01 1.41221497e+02 4.19332266e-01 8.97430496e+01
    2.08019714e+02 6.33345485e-01 9.66741257e+01 2.53936661e+02
    1.12703353e-01 4.24274368e+01 2.50343208e+01 6.12619340e-01
    5.56526222e+01 2.50487442e+01 7.73408234e-01 0. 0. 0. 7.02818756e+01
    2.92107677e+01 5.62378764e-01</data></pose_0>
</opencv_storage>
