<?xml version="1.0"?>
<opencv_storage>
<pose_0 type_id="opencv-nd-matrix">
  <sizes>
    1 18 3</sizes>
  <dt>f</dt>
  <data>
    1.94972515e+01 3.55033607e+01 9.61434901e-01 4.93846207e+01
    5.91307526e+01 7.26455510e-01 2.78274479e+01 6.26040268e+01
    5.58193684e-01 1.73891659e+01 8.13875885e+01 5.28435558e-02 0. 0. 0.
    7.23445892e+01 5.84188690e+01 6.26377881e-01 8.62795715e+01
    9.74004898e+01 7.96810508e-01 3.82731552e+01 1.17555763e+02
    7.03952074e-01 3.12987995e+01 1.32877228e+02 4.33108062e-01
    7.62272215e+00 1.94777710e+02 6.12842202e-01 0. 0. 0. 7.02749710e+01
    1.31485641e+02 4.45763648e-01 8.62705154e+01 1.87837555e+02
    6.62083030e-01 1.02262825e+02 2.35833603e+02 7.57910728e-01
    1.73986626e+01 3.05977879e+01 7.83905685e-01 2.57516384e+01
    3.05961323e+01 8.35258245e-01 0. 0. 0. 4.24486961e+01 3.13179455e+01
    6.04200959e-01</data></pose_0>
</opencv_storage>
