<?xml version="1.0"?>
<opencv_storage>
<pose_0 type_id="opencv-nd-matrix">
  <sizes>
    1 18 3</sizes>
  <dt>f</dt>
  <data>
    5.77658920e+01 2.57466850e+01 8.96933258e-01 6.74668655e+01
    5.35791397e+01 7.01384902e-01 4.03567619e+01 5.42588158e+01
    6.43989801e-01 2.85240841e+01 9.18426361e+01 6.40300274e-01
    1.46162863e+01 1.22430443e+02 6.90449238e-01 9.39180450e+01
    5.35849838e+01 5.91282010e-01 1.02269287e+02 8.90392380e+01
    4.81520802e-01 1.02280106e+02 1.20342667e+02 4.69946682e-01
    4.10229034e+01 1.20346779e+02 4.73256886e-01 3.12974834e+01
    1.72528625e+02 6.75533175e-01 1.94863205e+01 2.39304276e+02
    5.93502164e-01 8.00144119e+01 1.23814941e+02 4.51454818e-01
    8.55637817e+01 1.79472946e+02 6.89010322e-01 9.04381180e+01
    2.26784073e+02 5.29113352e-01 5.28518333e+01 2.15574875e+01
    8.61129284e-01 6.40284576e+01 2.15673065e+01 8.15079689e-01
    4.65988731e+01 2.64249077e+01 5.52368522e-01 7.72085800e+01
    2.64371662e+01 6.33748531e-01</data></pose_0>
</opencv_storage>
