<?xml version="1.0"?>
<opencv_storage>
<pose_0 type_id="opencv-nd-matrix">
  <sizes>
    1 18 3</sizes>
  <dt>f</dt>
  <data>
    3.89619102e+01 4.73316269e+01 8.80697310e-01 5.21767654e+01
    7.51247635e+01 7.29528308e-01 2.36418877e+01 7.51393051e+01
    6.17314577e-01 0. 0. 0. 0. 0. 0. 8.34732285e+01 7.58228607e+01
    5.59747696e-01 1.05034836e+02 1.12000664e+02 7.20336139e-01
    1.19636116e+02 1.48862793e+02 7.23930538e-01 3.06153927e+01
    1.39825638e+02 4.81950521e-01 3.54798584e+01 1.99641647e+02
    4.11039054e-01 8.76508636e+01 2.20532074e+02 6.02743685e-01
    6.88440475e+01 1.41206161e+02 4.86041546e-01 4.17288818e+01
    1.95476288e+02 5.65590382e-01 4.24311485e+01 2.53930511e+02
    3.37705463e-01 3.47650871e+01 4.31385498e+01 8.11572850e-01
    4.52244873e+01 4.31234093e+01 8.30879629e-01 2.78324661e+01
    4.79901772e+01 4.04548794e-01 6.05213394e+01 4.73192177e+01
    5.72976351e-01</data></pose_0>
</opencv_storage>
