<?xml version="1.0"?>
<opencv_storage>
<pose_0 type_id="opencv-nd-matrix">
  <sizes>
    1 18 3</sizes>
  <dt>f</dt>
  <data>
    5.70387993e+01 2.43275242e+01 9.32483435e-01 6.32753105e+01
    5.56483231e+01 6.84554875e-01 3.19934368e+01 5.77398682e+01
    6.01428866e-01 1.60007076e+01 9.80941010e+01 6.74545169e-01
    2.05395603e+00 1.30800003e+02 2.47004762e-01 9.53014984e+01
    5.49486504e+01 5.67082465e-01 1.14065292e+02 9.73810349e+01
    7.17141330e-01 9.11014023e+01 1.27313698e+02 6.37009740e-01
    3.26921806e+01 1.31480515e+02 4.18805331e-01 2.29495792e+01
    1.85735718e+02 6.32378876e-01 2.22623959e+01 2.53916733e+02
    3.80440325e-01 8.00083618e+01 1.36343063e+02 4.10197228e-01
    8.06690750e+01 2.02429626e+02 7.01516986e-01 7.85972519e+01
    2.53930359e+02 3.75997990e-01 5.07765350e+01 1.87611351e+01
    8.66322041e-01 6.40169373e+01 1.87727547e+01 8.64174306e-01
    4.17164040e+01 2.43398762e+01 6.22011065e-01 7.79046936e+01
    2.43543110e+01 6.98581934e-01</data></pose_0>
</opencv_storage>
