<?xml version="1.0"?>
<opencv_storage>
<pose_0 type_id="opencv-nd-matrix">
  <sizes>
    1 18 3</sizes>
  <dt>f</dt>
  <data>
    4.17176399e+01 3.82548332e+01 8.88960719e-01 5.91289825e+01
    6.81531677e+01 6.49316728e-01 2.71229362e+01 6.88489304e+01
    5.92975616e-01 1.39476786e+01 1.09210335e+02 7.41859376e-01
    2.05348873e+00 1.32867035e+02 5.43328188e-02 9.52992325e+01
    6.81841583e+01 5.41650653e-01 1.11989746e+02 1.03651855e+02
    6.99481130e-01 1.14810738e+02 1.41900436e+02 8.13619733e-01
    3.47769394e+01 1.40512924e+02 4.34399277e-01 2.50640392e+01
    2.04521622e+02 6.86086655e-01 5.91244087e+01 2.26087616e+02
    1.04842745e-01 7.92955093e+01 1.39819794e+02 4.35449451e-01
    6.88392563e+01 2.02412521e+02 6.24688268e-01 7.23505249e+01
    2.53924576e+02 3.36935401e-01 3.75565987e+01 3.26821289e+01
    7.01945186e-01 4.93867836e+01 3.33941269e+01 7.76777625e-01
    3.05625610e+01 3.61599083e+01 7.43883625e-02 6.60977478e+01
    3.68606300e+01 5.79430580e-01</data></pose_0>
</opencv_storage>
