<?xml version="1.0"?>
<opencv_storage>
<pose_0 type_id="opencv-nd-matrix">
  <sizes>
    1 18 3</sizes>
  <dt>f</dt>
  <data>
    5.91527252e+01 4.24368134e+01 8.60549510e-01 6.74853745e+01
    6.88506927e+01 7.41353989e-01 3.82618942e+01 6.81767883e+01
    6.26539350e-01 2.29546852e+01 1.05748909e+02 7.42423356e-01
    2.06067443e+00 1.30095856e+02 6.87447846e-01 9.74107971e+01
    6.95722046e+01 6.52301729e-01 1.17553261e+02 1.00170197e+02
    7.03505099e-01 1.14102921e+02 1.32862930e+02 7.71582842e-01
    4.31266327e+01 1.30776199e+02 4.62556869e-01 3.61729584e+01
    1.86431931e+02 6.94645584e-01 6.46968002e+01 2.27478302e+02
    2.87845105e-01 8.20860825e+01 1.30775742e+02 4.43120152e-01
    7.51408234e+01 1.86445343e+02 6.52413785e-01 6.88691940e+01
    2.43490891e+02 5.44057548e-01 5.56613884e+01 3.75556221e+01
    8.20211947e-01 6.67842712e+01 3.89676743e+01 7.98076510e-01
    4.79902687e+01 4.17173195e+01 5.28819621e-01 7.99958038e+01
    4.31362343e+01 6.58200443e-01</data></pose_0>
</opencv_storage>
