<?xml version="1.0"?>
<opencv_storage>
<pose_0 type_id="opencv-nd-matrix">
  <sizes>
    1 18 3</sizes>
  <dt>f</dt>
  <data>
    5.42512093e+01 3.19911880e+01 8.42131376e-01 6.67728119e+01
    6.40257492e+01 6.70286715e-01 3.19944534e+01 6.46928711e+01
    5.54422975e-01 1.46065063e+01 1.08525230e+02 2.86981583e-01
    2.05760002e+00 1.36364822e+02 1.69267297e-01 1.05740555e+02
    6.67738037e+01 4.89430845e-01 1.22425896e+02 1.07807411e+02
    5.55738568e-01 1.14096680e+02 1.50263382e+02 5.03664017e-01
    2.99333725e+01 1.42616135e+02 3.84072334e-01 2.71302662e+01
    2.14263107e+02 4.30584937e-01 0. 0. 0. 8.06869659e+01 1.50958008e+02
    3.48271936e-01 7.92953491e+01 2.19130829e+02 3.69271517e-01
    1.13377121e+02 2.41404327e+02 2.29146630e-01 4.73193932e+01
    2.64330921e+01 8.28322589e-01 6.33043365e+01 2.71249142e+01
    8.21948290e-01 4.03209114e+01 3.26835594e+01 5.32474399e-01
    7.99926834e+01 3.47619629e+01 6.06418729e-01</data></pose_0>
</opencv_storage>
