<?xml version="1.0"?>
<opencv_storage>
<pose_0 type_id="opencv-nd-matrix">
  <sizes>
    1 18 3</sizes>
  <dt>f</dt>
  <data>
    6.05252419e+01 3.54700775e+01 8.86800170e-01 6.53963089e+01
    5.98353386e+01 6.86084867e-01 3.75650215e+01 5.84629097e+01
    6.13423169e-01 1.87663498e+01 9.66876831e+01 5.52453816e-01
    2.05521226e+00 1.24528099e+02 3.42089087e-01 9.53011856e+01
    6.32747726e+01 6.03803277e-01 1.14091866e+02 9.39139099e+01
    6.88072801e-01 9.18210526e+01 1.19650772e+02 7.36481369e-01
    3.75722084e+01 1.30091919e+02 4.39719886e-01 3.19926090e+01
    1.74622421e+02 6.16637111e-01 5.21929550e+01 2.28168274e+02
    5.54134190e-01 8.06833725e+01 1.32178207e+02 4.42694128e-01
    7.51300507e+01 1.87136749e+02 7.17279732e-01 6.74900970e+01
    2.39304108e+02 5.97688675e-01 5.49459381e+01 2.99085236e+01
    8.77028108e-01 6.88420181e+01 3.05855427e+01 8.61459672e-01
    4.66131897e+01 3.47645340e+01 6.53511882e-01 8.06879120e+01
    3.54617691e+01 7.18031049e-01</data></pose_0>
</opencv_storage>
