<?xml version="1.0"?>
<opencv_storage>
<pose_0 type_id="opencv-nd-matrix">
  <sizes>
    1 18 3</sizes>
  <dt>f</dt>
  <data>
    5.35837898e+01 3.33874588e+01 8.41659188e-01 6.33197594e+01
    5.84111328e+01 7.29437172e-01 3.54769287e+01 5.84570160e+01
    6.05800331e-01 2.29531937e+01 1.02233650e+02 6.72737896e-01
    2.06204319e+00 1.35664688e+02 6.28666162e-01 9.32113876e+01
    5.84196472e+01 5.86640477e-01 1.17554810e+02 9.25259705e+01
    7.17504799e-01 1.13365456e+02 1.33557388e+02 7.79499888e-01
    3.54959145e+01 1.30775986e+02 4.29587573e-01 2.43269291e+01
    1.90598450e+02 6.21942043e-01 3.96503410e+01 2.43477875e+02
    3.81133705e-01 7.86104660e+01 1.31486954e+02 4.08754259e-01
    8.07018433e+01 1.94085815e+02 6.04661226e-01 7.51368256e+01
    2.53923569e+02 5.26450217e-01 4.80097923e+01 2.85038910e+01
    8.51687312e-01 6.19170265e+01 2.78369064e+01 7.79473722e-01
    4.17159576e+01 3.06464252e+01 5.70345581e-01 7.51206055e+01
    3.06297283e+01 6.33841157e-01</data></pose_0>
</opencv_storage>
