<?xml version="1.0"?>
<opencv_storage>
<pose_0 type_id="opencv-nd-matrix">
  <sizes>
    2 18 3</sizes>
  <dt>f</dt>
  <data>
    4.24403687e+01 3.75687408e+01 8.78075480e-01 5.28691864e+01
    6.33266411e+01 7.33072400e-01 2.92088928e+01 6.33189316e+01
    5.92543840e-01 8.35329437e+00 6.88863525e+01 3.08988601e-01
    1.52996378e+01 6.54027023e+01 2.39845380e-01 8.00041504e+01
    6.40060272e+01 6.61635935e-01 9.94723358e+01 9.73763733e+01
    7.32032716e-01 1.02238373e+02 1.30815125e+02 7.04521120e-01
    2.36369743e+01 1.24509064e+02 4.47748244e-01 1.87473297e+01
    1.78777939e+02 6.18161082e-01 1.32242165e+01 2.40692490e+02
    7.16084838e-01 6.47022324e+01 1.27305664e+02 4.26171005e-01
    7.30357437e+01 1.85032486e+02 6.82518005e-01 1.00182182e+02
    2.19116669e+02 6.45144820e-01 3.68835487e+01 3.40715485e+01
    8.64789248e-01 4.93862305e+01 3.34012337e+01 8.11555743e-01
    3.06217861e+01 3.82660942e+01 5.88127255e-01 6.32785187e+01
    3.68757858e+01 6.60978496e-01 0. 0. 0. 7.85921707e+01 2.05843234e+00
    3.22301298e-01 6.12169113e+01 2.05929947e+00 3.82189959e-01 0. 0. 0.
    0. 0. 0. 9.25394363e+01 2.05637932e+00 1.83741316e-01 1.12705605e+02
    1.46169882e+01 1.65471599e-01 0. 0. 0. 0. 0. 0. 0. 0. 0. 0. 0. 0.
    9.66890411e+01 3.96429291e+01 5.32370359e-02 0. 0. 0. 0. 0. 0. 0. 0.
    0. 0. 0. 0. 0. 0. 0. 0. 0. 0.</data></pose_0>
</opencv_storage>
