<?xml version="1.0"?>
<opencv_storage>
<pose_0 type_id="opencv-nd-matrix">
  <sizes>
    1 18 3</sizes>
  <dt>f</dt>
  <data>
    3.55041351e+01 7.92845383e+01 8.86715651e-01 5.98396988e+01
    1.07835342e+02 6.19854510e-01 2.85225220e+01 1.07823524e+02
    5.25063515e-01 2.22532520e+01 1.52352158e+02 4.06203479e-01
    4.16554260e+00 1.88518219e+02 4.92293358e-01 9.66906052e+01
    1.09220062e+02 5.12406170e-01 1.06438263e+02 1.53029068e+02
    7.38466978e-01 8.62575989e+01 1.91296188e+02 7.48478234e-01
    2.99079552e+01 1.85730728e+02 3.23617846e-01 3.89553871e+01
    2.49052292e+02 2.34161511e-01 0. 0. 0. 7.51510315e+01 1.87126068e+02
    3.90848100e-01 4.73228951e+01 2.53920181e+02 2.96593279e-01 0. 0. 0.
    3.13031521e+01 7.44220810e+01 7.13664114e-01 4.17661591e+01
    7.23452301e+01 7.43961394e-01 0. 0. 0. 6.05140953e+01 7.44281235e+01
    5.12765288e-01</data></pose_0>
</opencv_storage>
