<?xml version="1.0"?>
<opencv_storage>
<pose_0 type_id="opencv-nd-matrix">
  <sizes>
    2 18 3</sizes>
  <dt>f</dt>
  <data>
    4.86858177e+01 2.71250381e+01 8.23397458e-01 5.77331924e+01
    5.35825577e+01 7.29436517e-01 2.57520008e+01 5.42757721e+01
    6.28608644e-01 1.72904086e+00 9.46148605e+01 5.74858427e-01 0. 0. 0.
    8.97235565e+01 5.63387184e+01 6.03241086e-01 1.07795692e+02
    9.18275986e+01 7.83881009e-01 1.16866005e+02 1.30760849e+02
    7.02943742e-01 3.26965675e+01 1.20342621e+02 4.51553732e-01
    3.40883789e+01 1.85752136e+02 3.75233382e-01 4.73272324e+01
    2.43467957e+02 1.59724802e-01 7.23525238e+01 1.21048615e+02
    4.37643677e-01 4.72942657e+01 1.80866684e+02 6.80710554e-01
    4.66003609e+01 2.45564026e+02 5.90134740e-01 4.31229286e+01
    2.15730305e+01 7.98237085e-01 5.70276222e+01 2.22650871e+01
    7.95309782e-01 3.61560593e+01 2.50732784e+01 4.63364154e-01
    7.02513504e+01 2.57427921e+01 5.91073275e-01 2.05525422e+00
    5.35581703e+01 3.34686518e-01 0. 0. 0. 0. 0. 0. 0. 0. 0. 0. 0. 0. 0.
    0. 0. 0. 0. 0. 0. 0. 0. 0. 0. 0. 0. 0. 0. 0. 0. 0. 0. 0. 0. 0. 0. 0.
    0. 0. 0. 2.04898477e+00 5.21984711e+01 1.95789039e-01 2.05743098e+00
    5.21465607e+01 2.82530636e-01 0. 0. 0. 0. 0. 0.</data></pose_0>
</opencv_storage>
