<?xml version="1.0"?>
<opencv_storage>
<pose_0 type_id="opencv-nd-matrix">
  <sizes>
    1 18 3</sizes>
  <dt>f</dt>
  <data>
    7.58297653e+01 4.73190155e+01 9.33071017e-01 8.07265549e+01
    7.51629562e+01 7.54837275e-01 5.35551071e+01 7.51344757e+01
    6.69221520e-01 3.27004890e+01 1.09915169e+02 6.58481419e-01
    6.94164848e+00 1.42622589e+02 5.99943519e-01 1.09920044e+02
    7.79070816e+01 6.16090298e-01 1.25228554e+02 1.13384811e+02
    6.33961201e-01 1.02279900e+02 1.39126755e+02 7.00542331e-01
    5.28710022e+01 1.41222961e+02 4.67087954e-01 6.12210846e+01
    1.96849960e+02 6.00031853e-01 6.95592575e+01 2.47635574e+02
    4.66615826e-01 9.11116486e+01 1.41914658e+02 4.72561151e-01
    6.95468750e+01 1.93383606e+02 6.19293630e-01 7.09636383e+01
    2.47661224e+02 4.93598133e-01 7.02753830e+01 4.31315117e+01
    8.81873369e-01 8.34726562e+01 4.31466103e+01 8.32256615e-01
    6.33103485e+01 4.93913307e+01 6.35710001e-01 9.53095856e+01
    4.93871002e+01 6.82048440e-01</data></pose_0>
</opencv_storage>
