<?xml version="1.0"?>
<opencv_storage>
<pose_0 type_id="opencv-nd-matrix">
  <sizes>
    1 18 3</sizes>
  <dt>f</dt>
  <data>
    5.77114182e+01 3.06158218e+01 9.18880165e-01 6.81607056e+01
    5.56406479e+01 6.88317478e-01 3.89628792e+01 5.35816040e+01
    6.21417880e-01 1.87736931e+01 9.46128387e+01 7.46573269e-01
    2.05178666e+00 1.23126228e+02 1.55426294e-01 9.66965866e+01
    5.77094193e+01 6.62293077e-01 1.09914726e+02 9.11270447e+01
    7.20918953e-01 1.06438988e+02 1.24547630e+02 7.86561251e-01
    3.96467094e+01 1.16874298e+02 4.38122720e-01 4.17681770e+01
    1.78788498e+02 6.42270684e-01 5.49622345e+01 2.34433426e+02
    6.92767799e-01 7.92860565e+01 1.19657036e+02 5.36620796e-01
    5.28786469e+01 1.75322006e+02 6.90737009e-01 7.37277069e+01
    2.20532257e+02 6.10957861e-01 5.21585846e+01 2.64213486e+01
    8.40881169e-01 6.32771111e+01 2.57417545e+01 8.34203124e-01
    4.52201653e+01 3.06106834e+01 5.97563624e-01 7.58215485e+01
    2.98891392e+01 5.43814301e-01</data></pose_0>
</opencv_storage>
