<?xml version="1.0"?>
<opencv_storage>
<pose_0 type_id="opencv-nd-matrix">
  <sizes>
    1 18 3</sizes>
  <dt>f</dt>
  <data>
    5.84522133e+01 1.66969948e+01 8.56917202e-01 6.46846237e+01
    4.73025131e+01 7.82936215e-01 3.89510765e+01 4.73359985e+01
    6.78909600e-01 2.36588039e+01 8.55501175e+01 7.20461249e-01 0. 0. 0.
    9.11468048e+01 4.72823677e+01 6.74048007e-01 1.02248444e+02
    8.34731903e+01 5.53433299e-01 9.66896286e+01 1.11996315e+02
    6.35514975e-01 4.10188789e+01 1.14086800e+02 4.58137900e-01
    3.96624374e+01 1.77387772e+02 5.86915016e-01 3.96414795e+01
    2.36506104e+02 7.05523252e-01 7.86059723e+01 1.18253868e+02
    4.49575126e-01 7.44455719e+01 1.80853287e+02 7.77533114e-01
    9.53120651e+01 2.19825287e+02 4.83978242e-01 5.42552643e+01
    1.31754208e+01 8.46245587e-01 6.53822479e+01 1.31798048e+01
    8.52516413e-01 4.73086967e+01 1.87657547e+01 5.61559796e-01
    7.65199890e+01 1.74007683e+01 7.27613688e-01</data></pose_0>
</opencv_storage>
