<?xml version="1.0"?>
<opencv_storage>
<pose_0 type_id="opencv-nd-matrix">
  <sizes>
    1 18 3</sizes>
  <dt>f</dt>
  <data>
    6.95492096e+01 2.50725670e+01 9.34072614e-01 7.02805252e+01
    5.63387527e+01 7.18722701e-01 4.17463036e+01 5.56391716e+01
    6.66939259e-01 2.36383476e+01 8.48809052e+01 7.02700138e-01
    1.72901070e+00 1.05043343e+02 5.61669827e-01 1.01560493e+02
    5.77185440e+01 6.51638269e-01 1.16170609e+02 9.18293762e+01
    5.18401980e-01 1.09224403e+02 1.29391083e+02 5.33129811e-01
    4.65929375e+01 1.21744911e+02 4.37810451e-01 6.67736588e+01
    1.80857040e+02 5.06145597e-01 8.06735229e+01 2.37221527e+02
    6.36608303e-01 8.41780777e+01 1.24506569e+02 4.61590528e-01
    5.91210861e+01 1.79469498e+02 5.72564185e-01 4.10679932e+01
    2.40697357e+02 6.23822212e-01 6.39791298e+01 2.01715221e+01
    8.92299831e-01 7.58308945e+01 2.15570259e+01 8.22932422e-01
    5.42650986e+01 2.50841179e+01 7.48423159e-01 8.69651260e+01
    2.71313667e+01 6.26485109e-01</data></pose_0>
</opencv_storage>
