<?xml version="1.0"?>
<opencv_storage>
<pose_0 type_id="opencv-nd-matrix">
  <sizes>
    1 18 3</sizes>
  <dt>f</dt>
  <data>
    6.39947662e+01 2.43761559e+01 9.59834456e-01 6.88724213e+01
    5.29009132e+01 7.85688877e-01 4.17414207e+01 5.35651169e+01
    6.70912206e-01 1.87895966e+01 9.11535492e+01 6.61789238e-01
    2.05810881e+00 1.18241402e+02 5.90320230e-01 9.67059937e+01
    5.42609177e+01 6.69727921e-01 1.10603157e+02 8.97379761e+01
    6.99305356e-01 1.07839264e+02 1.21057846e+02 6.91893816e-01
    4.31328850e+01 1.23814865e+02 4.59701091e-01 4.17239494e+01
    1.84343323e+02 5.63385248e-01 6.74692154e+01 2.27471771e+02
    1.83288336e-01 8.06995926e+01 1.22426422e+02 4.86271858e-01
    6.95546341e+01 1.73900421e+02 6.70264363e-01 5.98394127e+01
    2.36507019e+02 5.40958107e-01 5.84538155e+01 1.95025578e+01
    8.96239519e-01 7.02651367e+01 2.01714058e+01 8.46878111e-01
    5.21451797e+01 2.50232239e+01 7.49771237e-01 8.27859802e+01
    2.57441540e+01 6.67759836e-01</data></pose_0>
</opencv_storage>
