<?xml version="1.0"?>
<opencv_storage>
<pose_0 type_id="opencv-nd-matrix">
  <sizes>
    1 18 3</sizes>
  <dt>f</dt>
  <data>
    4.10594482e+01 4.65937080e+01 8.88378263e-01 5.84260750e+01
    7.37479019e+01 6.63035274e-01 2.92160034e+01 7.44388046e+01
    4.54670429e-01 1.80786324e+01 9.32260971e+01 1.55752927e-01 0. 0. 0.
    9.11272354e+01 7.44436035e+01 5.89650035e-01 1.03645935e+02
    1.12001091e+02 7.40838945e-01 8.41625824e+01 1.46084396e+02
    7.32107162e-01 2.78284779e+01 1.42620239e+02 4.22933847e-01
    1.32011299e+01 1.99663376e+02 6.09076738e-01 2.05170107e+00
    2.48352051e+02 1.80678844e-01 7.23497543e+01 1.45386795e+02
    4.37270910e-01 9.11385956e+01 2.03133408e+02 6.85196579e-01
    1.06437859e+02 2.53924179e+02 4.44875836e-01 3.61617508e+01
    4.17229614e+01 7.80952036e-01 4.73055573e+01 4.10427589e+01
    7.55297720e-01 2.99178696e+01 4.66300735e+01 1.99190721e-01
    6.47103271e+01 4.45238533e+01 5.35425603e-01</data></pose_0>
</opencv_storage>
