<?xml version="1.0"?>
<opencv_storage>
<pose_0 type_id="opencv-nd-matrix">
  <sizes>
    1 18 3</sizes>
  <dt>f</dt>
  <data>
    7.44480896e+01 3.96511078e+01 9.02708411e-01 7.51398163e+01
    6.67724152e+01 7.27945805e-01 4.66249199e+01 6.74649734e+01
    6.63736105e-01 1.87965183e+01 9.87916489e+01 5.45604467e-01
    2.05415487e+00 1.20339600e+02 3.29901218e-01 1.03661736e+02
    6.67854996e+01 5.92791319e-01 1.23119316e+02 1.02281609e+02
    6.47278726e-01 9.94791183e+01 1.29401062e+02 7.26085663e-01
    5.00922318e+01 1.37045853e+02 4.27853137e-01 6.88541412e+01
    1.91284821e+02 5.28128505e-01 8.69682388e+01 2.36525162e+02
    5.42421877e-01 8.76563187e+01 1.39812958e+02 4.85714674e-01
    6.67725143e+01 1.90615891e+02 5.88997424e-01 4.86861343e+01
    2.49041367e+02 4.53968465e-01 6.95523071e+01 3.40691452e+01
    8.72153878e-01 8.07093353e+01 3.54973602e+01 8.98720622e-01
    5.84617271e+01 3.89440880e+01 7.09845424e-01 9.11390533e+01
    4.17141647e+01 7.08842516e-01</data></pose_0>
</opencv_storage>
