<?xml version="1.0"?>
<opencv_storage>
<pose_0 type_id="opencv-nd-matrix">
  <sizes>
    1 18 3</sizes>
  <dt>f</dt>
  <data>
    6.40130081e+01 3.13112087e+01 9.01142895e-01 6.46843033e+01
    6.40188904e+01 7.05133379e-01 2.85320568e+01 6.33275833e+01
    5.97697496e-01 0. 0. 0. 0. 0. 0. 1.02948074e+02 6.81695099e+01
    5.94097495e-01 1.23807068e+02 1.06426857e+02 5.55506170e-01
    9.66779327e+01 1.32184418e+02 6.88457906e-01 3.47696800e+01
    1.41217987e+02 3.19856763e-01 3.75793114e+01 1.94081131e+02
    2.25282565e-01 8.06976013e+01 2.37912292e+02 1.05826475e-01
    8.07061996e+01 1.46092422e+02 3.62394214e-01 5.21898727e+01
    1.92698944e+02 4.66691881e-01 4.59196205e+01 2.53927612e+02
    1.30577430e-01 5.77472878e+01 2.50542164e+01 8.92233074e-01
    7.37386017e+01 2.71266518e+01 8.12340260e-01 4.31469803e+01
    3.06234360e+01 7.15816021e-01 8.62658844e+01 3.54698715e+01
    6.30538940e-01</data></pose_0>
</opencv_storage>
