<?xml version="1.0"?>
<opencv_storage>
<pose_0 type_id="opencv-nd-matrix">
  <sizes>
    1 18 3</sizes>
  <dt>f</dt>
  <data>
    5.28939743e+01 2.91972103e+01 8.61181498e-01 5.91287498e+01
    6.40003357e+01 6.47136986e-01 2.57513103e+01 6.88593826e+01
    5.50620198e-01 1.32264137e+01 1.07118294e+02 5.01286387e-01
    2.05750966e+00 1.35658829e+02 1.08877458e-01 9.60046692e+01
    6.19211235e+01 4.65015113e-01 1.18970261e+02 1.02963806e+02
    5.17248809e-01 9.73977890e+01 1.34966232e+02 6.80157006e-01
    2.78267746e+01 1.41906311e+02 3.74980241e-01 1.87596340e+01
    2.01735168e+02 6.08327091e-01 6.95663881e+00 2.53928284e+02
    3.07963729e-01 8.00148010e+01 1.46080078e+02 3.72589111e-01
    8.62721786e+01 2.00351151e+02 5.41289330e-01 9.53039856e+01
    2.53923660e+02 4.04083282e-01 4.73014755e+01 2.43030777e+01
    8.59084666e-01 6.32837029e+01 2.43303642e+01 8.23830068e-01
    3.82641525e+01 2.99230061e+01 5.29960930e-01 7.72164688e+01
    3.06310902e+01 6.29048586e-01</data></pose_0>
</opencv_storage>
