<?xml version="1.0"?>
<opencv_storage>
<pose_0 type_id="opencv-nd-matrix">
  <sizes>
    1 18 3</sizes>
  <dt>f</dt>
  <data>
    6.26200066e+01 2.91944294e+01 8.54742646e-01 6.60816727e+01
    5.63523903e+01 6.74755633e-01 3.54865952e+01 5.56444359e+01
    5.84662914e-01 1.53120728e+01 8.07148132e+01 3.95992219e-01
    2.05560184e+00 9.73845749e+01 2.92906255e-01 9.73749695e+01
    5.77536430e+01 6.17149353e-01 1.09905991e+02 9.46108856e+01
    6.14761531e-01 1.09231262e+02 1.31476898e+02 7.00196266e-01
    4.03519707e+01 1.23828629e+02 4.49386001e-01 6.33160172e+01
    1.78786331e+02 5.55996478e-01 8.97497253e+01 2.24705414e+02
    6.35318935e-01 8.06961060e+01 1.27298775e+02 4.71465975e-01
    5.49552040e+01 1.78772171e+02 5.60639024e-01 4.03460770e+01
    2.45569717e+02 5.65125704e-01 5.77248383e+01 2.36652222e+01
    8.73783946e-01 6.95650024e+01 2.43644791e+01 8.43566537e-01
    4.93986130e+01 2.92180843e+01 6.31132007e-01 8.20910416e+01
    3.05808487e+01 6.61788583e-01</data></pose_0>
</opencv_storage>
