<?xml version="1.0"?>
<opencv_storage>
<pose_0 type_id="opencv-nd-matrix">
  <sizes>
    1 18 3</sizes>
  <dt>f</dt>
  <data>
    5.84704666e+01 2.92195511e+01 8.88693333e-01 6.88831329e+01
    5.28613396e+01 7.07752943e-01 3.96592522e+01 5.35627556e+01
    5.89894772e-01 1.46274405e+01 8.00138474e+01 6.86285794e-01
    2.05150890e+00 9.94736862e+01 1.22420371e-01 1.02259537e+02
    5.28777046e+01 5.15519917e-01 1.19636154e+02 8.90455780e+01
    6.16769791e-01 1.23127571e+02 1.29391296e+02 6.20538116e-01
    4.17559776e+01 1.25909966e+02 3.85904551e-01 7.37178726e+01
    1.87823166e+02 5.66800058e-01 9.60083008e+01 2.30987045e+02
    7.07000792e-01 8.20792694e+01 1.27994629e+02 4.21584278e-01
    5.63473434e+01 1.89918076e+02 5.87233126e-01 3.20089836e+01
    2.53913437e+02 4.09737676e-01 5.35646286e+01 2.43457317e+01
    8.55442882e-01 6.67711334e+01 2.43338737e+01 8.12626362e-01
    4.66400337e+01 2.92018509e+01 3.82991552e-01 8.27870865e+01
    2.92260189e+01 6.18700325e-01</data></pose_0>
</opencv_storage>
