<?xml version="1.0"?>
<opencv_storage>
<pose_0 type_id="opencv-nd-matrix">
  <sizes>
    1 18 3</sizes>
  <dt>f</dt>
  <data>
    5.77359161e+01 2.85081768e+01 8.62734079e-01 6.74840317e+01
    5.49655609e+01 6.92291737e-01 3.61959572e+01 5.28949432e+01
    6.81066692e-01 2.50449409e+01 9.32208328e+01 7.07460403e-01
    1.18319368e+01 1.25233208e+02 6.81065202e-01 9.94779434e+01
    5.84175568e+01 6.01774275e-01 1.15494926e+02 9.25259247e+01
    6.37891769e-01 1.14087570e+02 1.30789597e+02 7.32938588e-01
    3.54884186e+01 1.25211220e+02 4.27560389e-01 3.68675995e+01
    1.91304642e+02 6.29750013e-01 4.59120140e+01 2.53919754e+02
    4.80277628e-01 7.99939880e+01 1.29392441e+02 4.45042491e-01
    6.88720856e+01 1.91311676e+02 6.60903811e-01 9.87785416e+01
    2.19811356e+02 5.17976224e-01 5.21818657e+01 2.36301117e+01
    8.49271476e-01 6.46906281e+01 2.43095169e+01 8.19710672e-01
    4.65703239e+01 2.71380043e+01 4.47249770e-01 7.99892120e+01
    2.92023983e+01 6.19492948e-01</data></pose_0>
</opencv_storage>
