<?xml version="1.0"?>
<opencv_storage>
<pose_0 type_id="opencv-nd-matrix">
  <sizes>
    1 18 3</sizes>
  <dt>f</dt>
  <data>
    4.66280670e+01 2.57552662e+01 8.71746600e-01 5.84417648e+01
    5.42599792e+01 6.78804994e-01 2.99048882e+01 5.63436012e+01
    6.01603031e-01 9.04914188e+00 8.20887299e+01 3.32876563e-01 0. 0. 0.
    9.04367294e+01 5.35861893e+01 5.77456236e-01 1.11990311e+02
    8.90357895e+01 6.87835217e-01 1.24506477e+02 1.28008514e+02
    5.63897014e-01 3.82685394e+01 1.26613678e+02 3.85318190e-01
    6.88818359e+01 1.82273331e+02 6.83189690e-01 1.01541702e+02
    2.21227112e+02 7.28574514e-01 7.23542938e+01 1.27997993e+02
    4.29712445e-01 4.24531059e+01 1.87131622e+02 6.44159496e-01
    2.15785141e+01 2.53919846e+02 5.51097274e-01 4.17206154e+01
    2.15657253e+01 8.11760843e-01 5.28679161e+01 2.08709850e+01
    7.88917601e-01 3.54794464e+01 2.50737343e+01 4.39336538e-01
    6.74875259e+01 2.43748379e+01 6.09299183e-01</data></pose_0>
</opencv_storage>
