<?xml version="1.0"?>
<opencv_storage>
<pose_0 type_id="opencv-nd-matrix">
  <sizes>
    1 18 3</sizes>
  <dt>f</dt>
  <data>
    6.60990143e+01 3.68624153e+01 8.69419038e-01 7.44512939e+01
    6.46845474e+01 7.40329504e-01 4.66099396e+01 6.46878510e+01
    6.41496241e-01 3.13141155e+01 1.02239029e+02 5.96744478e-01
    7.64763260e+00 1.33570038e+02 3.81729186e-01 1.02952217e+02
    6.47020340e+01 6.02175474e-01 1.14074257e+02 1.02246063e+02
    3.94749403e-01 1.12005333e+02 1.30770889e+02 3.59209806e-01
    4.73249702e+01 1.30078262e+02 4.27058041e-01 3.61621056e+01
    1.85030258e+02 6.18111610e-01 3.89493942e+01 2.40680603e+02
    6.31814599e-01 9.11388779e+01 1.34254501e+02 4.35954928e-01
    9.10942307e+01 1.87135696e+02 6.49584591e-01 8.55468674e+01
    2.40705734e+02 6.51684642e-01 6.05108833e+01 3.20088577e+01
    8.14809620e-01 7.37327881e+01 3.20079765e+01 8.07997108e-01
    5.28716316e+01 3.68968582e+01 5.50792992e-01 8.62474976e+01
    3.68652992e+01 6.68084383e-01</data></pose_0>
</opencv_storage>
