<?xml version="1.0"?>
<opencv_storage>
<pose_0 type_id="opencv-nd-matrix">
  <sizes>
    1 18 3</sizes>
  <dt>f</dt>
  <data>
    5.70218658e+01 5.91546288e+01 8.63051534e-01 5.70317230e+01
    9.25456848e+01 7.10524023e-01 2.43381805e+01 9.52989502e+01
    6.14734948e-01 0. 0. 0. 0. 0. 0. 9.11318588e+01 9.39034348e+01
    5.99824667e-01 1.07816933e+02 1.34269684e+02 6.33083582e-01
    8.62380142e+01 1.60687775e+02 6.67511165e-01 3.06043873e+01
    1.67648788e+02 4.02196616e-01 2.71354046e+01 2.38608276e+02
    5.79881668e-01 0. 0. 0. 7.37464447e+01 1.68352646e+02 4.15080935e-01
    5.63345070e+01 2.27477737e+02 5.95638275e-01 0. 0. 0. 5.07748260e+01
    5.29041672e+01 8.69279742e-01 6.40177841e+01 5.70284996e+01
    8.56071770e-01 3.82643547e+01 6.05228844e+01 6.55203938e-01
    7.65205612e+01 6.39867897e+01 6.62469268e-01</data></pose_0>
</opencv_storage>
