<?xml version="1.0"?>
<opencv_storage>
<pose_0 type_id="opencv-nd-matrix">
  <sizes>
    2 18 3</sizes>
  <dt>f</dt>
  <data>
    2.43310719e+01 1.87505054e+01 7.02614188e-01 1.87588615e+01
    2.99203053e+01 8.55701208e-01 6.93022633e+00 3.06452999e+01
    6.94447815e-01 2.04860783e+00 4.03541718e+01 1.78281918e-01 0. 0. 0.
    3.05810852e+01 2.78230495e+01 7.81449676e-01 4.66057510e+01
    2.85163879e+01 6.44333780e-01 5.35807915e+01 1.46214304e+01
    6.03488624e-01 1.18232470e+01 6.26211548e+01 6.32122517e-01
    2.05478311e+00 8.13864517e+01 3.36246252e-01 0. 0. 0. 2.91926117e+01
    6.05235863e+01 5.26646614e-01 3.20039902e+01 8.69762878e+01
    1.28899828e-01 0. 0. 0. 2.08628807e+01 1.67074070e+01 6.75692916e-01
    0. 0. 0. 1.39238892e+01 2.01596527e+01 8.76006067e-01 0. 0. 0.
    3.75554008e+01 6.54085083e+01 8.52880478e-01 6.18989449e+01
    9.11412659e+01 6.67288661e-01 3.82579803e+01 9.04392319e+01
    5.00316620e-01 2.36532784e+01 1.18953888e+02 5.29090837e-02 0. 0. 0.
    8.48741608e+01 9.25168610e+01 5.93469560e-01 9.11216812e+01
    1.36380661e+02 7.45412230e-01 6.05321236e+01 1.72522903e+02
    7.36327052e-01 2.92225838e+01 1.66957947e+02 4.38853472e-01
    2.92246017e+01 2.29572266e+02 6.59069896e-01 0. 0. 0. 7.23471756e+01
    1.72523270e+02 4.38895166e-01 6.95688553e+01 2.36512634e+02
    6.44054472e-01 1.26604332e+02 2.53929474e+02 1.75862938e-01
    3.54640541e+01 6.19035110e+01 8.09039950e-01 4.38353653e+01
    6.19131813e+01 8.10120225e-01 0. 0. 0. 6.05114708e+01 6.32919617e+01
    5.88460565e-01</data></pose_0>
</opencv_storage>
