<?xml version="1.0"?>
<opencv_storage>
<pose_0 type_id="opencv-nd-matrix">
  <sizes>
    1 18 3</sizes>
  <dt>f</dt>
  <data>
    4.80060730e+01 4.38285561e+01 8.32874000e-01 5.77054482e+01
    7.37130661e+01 7.33788013e-01 2.92101898e+01 7.37467651e+01
    6.62032664e-01 1.87729435e+01 1.07123398e+02 4.83827770e-01 0. 0. 0.
    8.55660095e+01 7.37494354e+01 5.48692405e-01 1.05050690e+02
    1.03660789e+02 2.98181176e-01 9.80928879e+01 1.37048370e+02
    3.23991805e-01 3.19959049e+01 1.33570053e+02 4.21045721e-01
    2.01662426e+01 1.80870758e+02 5.38028002e-01 1.11344662e+01
    2.41371506e+02 5.04284382e-01 7.09506989e+01 1.36358017e+02
    4.10410374e-01 7.85946579e+01 1.85718292e+02 6.10214710e-01
    8.83448563e+01 2.27473526e+02 5.53458214e-01 4.31480598e+01
    4.03501930e+01 7.52553582e-01 5.63474731e+01 4.10096436e+01
    7.70345747e-01 3.61806450e+01 4.66144485e+01 3.86537492e-01
    6.88813934e+01 4.66041565e+01 6.92106366e-01</data></pose_0>
</opencv_storage>
