<?xml version="1.0"?>
<opencv_storage>
<pose_0 type_id="opencv-nd-matrix">
  <sizes>
    1 18 3</sizes>
  <dt>f</dt>
  <data>
    4.10287437e+01 3.33888092e+01 8.10868859e-01 5.77313385e+01
    5.98306427e+01 6.71112359e-01 2.99228573e+01 6.05241508e+01
    5.17855525e-01 1.80710239e+01 8.27818298e+01 2.25501567e-01 0. 0. 0.
    8.55596771e+01 6.19049530e+01 5.83124757e-01 9.66869888e+01
    9.94764557e+01 7.22923636e-01 7.93040085e+01 1.34945724e+02
    7.07497120e-01 2.85306263e+01 1.32173737e+02 4.40973580e-01
    1.46255560e+01 1.92006943e+02 6.34226561e-01 1.72858870e+00
    2.49042694e+02 4.45044905e-01 6.95550003e+01 1.31487579e+02
    4.28693146e-01 8.69798203e+01 1.92710190e+02 6.51254773e-01
    1.08506859e+02 2.38619812e+02 6.63291216e-01 3.55039749e+01
    2.92295628e+01 7.85630047e-01 4.59178734e+01 2.78253136e+01
    7.40350127e-01 3.05880623e+01 3.13145409e+01 1.42262265e-01
    6.32803116e+01 2.92187729e+01 5.48325419e-01</data></pose_0>
</opencv_storage>
