<?xml version="1.0"?>
<opencv_storage>
<pose_0 type_id="opencv-nd-matrix">
  <sizes>
    1 18 3</sizes>
  <dt>f</dt>
  <data>
    4.17288246e+01 2.57538643e+01 9.37752604e-01 6.39963341e+01
    5.49654427e+01 6.63519859e-01 3.61912041e+01 5.77618561e+01
    5.96146822e-01 2.99061985e+01 1.00178894e+02 6.29755735e-01
    1.11391811e+01 1.36376419e+02 7.26255536e-01 9.25187531e+01
    5.28929710e+01 5.91258466e-01 1.09227577e+02 9.52983551e+01
    7.43550718e-01 8.55947800e+01 1.30070236e+02 7.89442956e-01
    3.68685608e+01 1.33567841e+02 4.49035853e-01 1.94795246e+01
    1.91995621e+02 7.14069486e-01 5.00767326e+01 2.41400620e+02
    4.69165742e-01 7.99809723e+01 1.34958176e+02 4.30077404e-01
    8.62734299e+01 1.98965363e+02 6.46986604e-01 9.10958710e+01
    2.53932846e+02 2.90476531e-01 3.68816948e+01 2.08725624e+01
    8.31973135e-01 4.80038948e+01 2.01763344e+01 8.32714438e-01 0. 0. 0.
    6.53980637e+01 2.15643749e+01 5.42320132e-01</data></pose_0>
</opencv_storage>
