<?xml version="1.0"?>
<opencv_storage>
<pose_0 type_id="opencv-nd-matrix">
  <sizes>
    1 18 3</sizes>
  <dt>f</dt>
  <data>
    6.39991226e+01 1.94900246e+01 9.20371413e-01 6.40201874e+01
    5.21696243e+01 7.63427496e-01 3.54609909e+01 5.00866661e+01
    6.44488811e-01 1.39270945e+01 7.37414322e+01 5.15944123e-01
    2.06357622e+00 9.11235733e+01 4.61584598e-01 9.66776047e+01
    5.35686150e+01 5.53890646e-01 1.16179970e+02 9.18442078e+01
    6.57873929e-01 9.25384750e+01 1.19675240e+02 6.79719090e-01
    3.89483795e+01 1.23129105e+02 3.84379745e-01 5.70381126e+01
    1.85037857e+02 4.44613039e-01 7.44485931e+01 2.41390778e+02
    4.45843101e-01 7.93134232e+01 1.29388458e+02 4.22283053e-01
    5.77177811e+01 1.85036026e+02 5.97375035e-01 4.10223312e+01
    2.46955627e+02 4.17199343e-01 5.84384117e+01 1.39206057e+01
    8.90768826e-01 7.23562317e+01 1.59929972e+01 7.98330963e-01
    4.86859283e+01 1.94988899e+01 6.68776929e-01 8.48454590e+01
    2.43186073e+01 6.22552395e-01</data></pose_0>
</opencv_storage>
