<?xml version="1.0"?>
<opencv_storage>
<pose_0 type_id="opencv-nd-matrix">
  <sizes>
    1 18 3</sizes>
  <dt>f</dt>
  <data>
    5.28433990e+01 2.64420395e+01 8.66757751e-01 5.84145584e+01
    5.98380699e+01 7.04568863e-01 2.57313728e+01 6.26019936e+01
    5.78236580e-01 1.53176155e+01 1.02940269e+02 5.51818669e-01 0. 0. 0.
    9.18230057e+01 5.91342506e+01 6.17332935e-01 1.08520523e+02
    9.94851990e+01 6.45515382e-01 9.25147171e+01 1.34936234e+02
    5.97587883e-01 2.92080040e+01 1.37742966e+02 4.08125907e-01
    2.29560966e+01 1.91996643e+02 6.58866346e-01 1.32069407e+01
    2.53923752e+02 4.05221492e-01 7.58404999e+01 1.41916794e+02
    3.98760974e-01 8.34648972e+01 2.01747986e+02 5.92251360e-01
    9.66622086e+01 2.41370605e+02 5.45476735e-01 4.72826958e+01
    2.08794498e+01 8.45075130e-01 6.05326691e+01 2.36356373e+01
    7.84634352e-01 3.75556450e+01 2.57481918e+01 5.82994938e-01
    7.37223511e+01 2.99003201e+01 6.62899435e-01</data></pose_0>
</opencv_storage>
