<?xml version="1.0"?>
<opencv_storage>
<pose_0 type_id="opencv-nd-matrix">
  <sizes>
    1 18 3</sizes>
  <dt>f</dt>
  <data>
    6.12272949e+01 2.78262043e+01 8.36349487e-01 6.88514252e+01
    5.70335770e+01 6.97137833e-01 3.89532471e+01 5.63492889e+01
    6.03839219e-01 1.94660072e+01 9.11374054e+01 7.06310034e-01
    2.05400062e+00 1.16858360e+02 2.87736803e-01 1.00171684e+02
    5.84371490e+01 6.30809784e-01 1.11991158e+02 9.25204773e+01
    7.00311184e-01 9.67205200e+01 1.23121056e+02 6.79724514e-01
    3.68721237e+01 1.23119965e+02 4.28187817e-01 4.10193520e+01
    1.85732346e+02 6.55835629e-01 4.93901978e+01 2.39295471e+02
    6.98072433e-01 7.72129593e+01 1.27296944e+02 4.44783509e-01
    6.88421860e+01 1.85035034e+02 6.23987854e-01 8.69801712e+01
    2.12178192e+02 5.72454929e-01 5.49550629e+01 2.36364975e+01
    8.10248494e-01 6.88636322e+01 2.43080444e+01 8.29726040e-01
    4.73212738e+01 2.98780651e+01 5.51733017e-01 8.14079437e+01
    2.99011345e+01 6.82959378e-01</data></pose_0>
</opencv_storage>
