<?xml version="1.0"?>
<opencv_storage>
<pose_0 type_id="opencv-nd-matrix">
  <sizes>
    1 18 3</sizes>
  <dt>f</dt>
  <data>
    5.49647751e+01 2.98989506e+01 8.88515711e-01 6.60911636e+01
    5.28669434e+01 7.09416091e-01 3.61550026e+01 5.21939125e+01
    6.48403466e-01 1.39413319e+01 7.79031372e+01 6.74308121e-01
    2.05378032e+00 9.67039871e+01 2.87508845e-01 1.00167496e+02
    5.49552422e+01 5.67293465e-01 1.15486374e+02 9.18461914e+01
    6.77642047e-01 1.19667839e+02 1.35632339e+02 6.39950156e-01
    3.68771782e+01 1.25226379e+02 4.64140773e-01 6.60798264e+01
    1.86451782e+02 6.00167751e-01 9.60102234e+01 2.30979980e+02
    7.46530235e-01 7.86024475e+01 1.29378372e+02 4.62583542e-01
    5.14859047e+01 1.88525177e+02 5.48327565e-01 3.54636536e+01
    2.53928497e+02 4.03647900e-01 4.93991394e+01 2.43471088e+01
    8.45535338e-01 6.32877350e+01 2.43567142e+01 8.65697682e-01
    4.24251328e+01 2.85159073e+01 4.29352522e-01 7.86012802e+01
    2.78266926e+01 5.98327816e-01</data></pose_0>
</opencv_storage>
