<?xml version="1.0"?>
<opencv_storage>
<pose_0 type_id="opencv-nd-matrix">
  <sizes>
    1 18 3</sizes>
  <dt>f</dt>
  <data>
    2.57491188e+01 2.50706406e+01 9.36595023e-01 5.63344994e+01
    5.21894112e+01 6.91473901e-01 2.99094143e+01 5.63366776e+01
    4.74733025e-01 1.94872189e+01 9.66689987e+01 7.00889170e-01
    2.05346704e+00 1.18940163e+02 1.06887490e-01 8.27732239e+01
    5.07836494e+01 5.76008379e-01 1.05747879e+02 8.69784164e+01
    7.37384498e-01 9.32296219e+01 1.20355743e+02 7.59060681e-01
    3.47927704e+01 1.23822250e+02 4.43513423e-01 2.01822548e+01
    1.84346039e+02 6.93064034e-01 6.95650787e+01 2.25386246e+02
    3.83409351e-01 7.37337112e+01 1.21037804e+02 4.13014203e-01
    7.51158295e+01 1.85033127e+02 6.14684939e-01 7.92961197e+01
    2.38603043e+02 5.81226170e-01 2.29615536e+01 1.95050488e+01
    8.50280344e-01 3.33902588e+01 1.95046654e+01 8.20970356e-01 0. 0. 0.
    5.07917175e+01 2.29480915e+01 5.33488333e-01</data></pose_0>
</opencv_storage>
