<?xml version="1.0"?>
<opencv_storage>
<pose_0 type_id="opencv-nd-matrix">
  <sizes>
    1 18 3</sizes>
  <dt>f</dt>
  <data>
    4.17296944e+01 3.06172352e+01 9.61000860e-01 6.60837708e+01
    5.29033012e+01 7.20853388e-01 4.31380844e+01 5.35870132e+01
    5.82836568e-01 4.17182236e+01 9.94753189e+01 6.82444632e-01
    1.94866314e+01 1.30814865e+02 8.33395600e-01 9.04169922e+01
    5.28994598e+01 6.37807369e-01 1.08542755e+02 9.11542740e+01
    8.36435199e-01 8.62686768e+01 1.22433334e+02 7.50827253e-01
    4.79902077e+01 1.30082779e+02 5.22311687e-01 3.06186333e+01
    1.85035355e+02 7.91330397e-01 6.54040298e+01 2.29562180e+02
    6.56750202e-01 8.48547745e+01 1.30070114e+02 4.45285380e-01
    9.18070145e+01 1.86425247e+02 7.25326478e-01 9.73763885e+01
    2.35815460e+02 7.70740151e-01 3.96431541e+01 2.57288666e+01
    8.41582239e-01 4.73264732e+01 2.57591076e+01 8.70960236e-01 0. 0. 0.
    6.32857399e+01 2.78244419e+01 5.80170929e-01</data></pose_0>
</opencv_storage>
