<?xml version="1.0"?>
<opencv_storage>
<pose_0 type_id="opencv-nd-matrix">
  <sizes>
    1 18 3</sizes>
  <dt>f</dt>
  <data>
    3.40766487e+01 2.50633965e+01 8.92835081e-01 5.70349350e+01
    5.42626419e+01 6.98008776e-01 2.99197674e+01 5.28619690e+01
    6.71198130e-01 1.11175251e+01 8.06914597e+01 5.75002432e-01
    2.05076265e+00 1.00860374e+02 6.47117868e-02 8.55390778e+01
    5.77374344e+01 5.99994421e-01 1.14100716e+02 9.11386871e+01
    7.46837199e-01 1.34945602e+02 1.25224037e+02 3.97044897e-01
    3.61681366e+01 1.29394165e+02 4.71465647e-01 7.51541595e+01
    1.82962173e+02 6.00311279e-01 1.18253998e+02 2.21224274e+02
    7.13269651e-01 6.88784485e+01 1.30785446e+02 4.72540677e-01
    3.89501419e+01 1.94087143e+02 6.82257533e-01 1.94846725e+01
    2.53938354e+02 1.90504625e-01 3.05999012e+01 1.95165901e+01
    8.47918093e-01 4.10676727e+01 2.08622284e+01 8.31570089e-01 0. 0. 0.
    5.77616653e+01 2.57346001e+01 6.19753242e-01</data></pose_0>
</opencv_storage>
