<?xml version="1.0"?>
<opencv_storage>
<pose_0 type_id="opencv-nd-matrix">
  <sizes>
    1 18 3</sizes>
  <dt>f</dt>
  <data>
    6.32766609e+01 2.64376545e+01 9.26734328e-01 6.88734512e+01
    5.70460777e+01 7.45532215e-01 4.17217255e+01 5.70465889e+01
    6.54193401e-01 2.78187160e+01 9.59897842e+01 4.60010111e-01
    1.39070749e+01 1.21750053e+02 5.73975503e-01 9.73823700e+01
    5.77484512e+01 6.42983675e-01 1.12701164e+02 9.25368805e+01
    5.70449054e-01 1.03654449e+02 1.26617828e+02 6.33513510e-01
    4.17299347e+01 1.21740311e+02 4.72622424e-01 3.61866684e+01
    1.80179916e+02 6.27267480e-01 3.68569832e+01 2.41395187e+02
    7.27063894e-01 8.07101974e+01 1.28001114e+02 4.65604097e-01
    8.06752472e+01 1.86452393e+02 7.04518855e-01 1.02956940e+02
    2.08683426e+02 6.25215650e-01 5.70440445e+01 2.22565765e+01
    8.40607524e-01 6.95399017e+01 2.36227264e+01 8.70030642e-01
    4.80081787e+01 2.85262108e+01 6.97035372e-01 8.07135849e+01
    2.85303288e+01 7.27765977e-01</data></pose_0>
</opencv_storage>
