<?xml version="1.0"?>
<opencv_storage>
<pose_0 type_id="opencv-nd-matrix">
  <sizes>
    1 18 3</sizes>
  <dt>f</dt>
  <data>
    4.66188774e+01 5.28752670e+01 9.29483771e-01 5.91268616e+01
    7.51131668e+01 7.29671299e-01 3.19962273e+01 7.51537094e+01
    6.30432606e-01 1.25314837e+01 9.80879898e+01 6.08388484e-01
    2.05138874e+00 1.16869263e+02 9.11008418e-02 8.90439606e+01
    7.51485672e+01 6.05222762e-01 1.07138695e+02 1.07801369e+02
    8.15635502e-01 1.11990685e+02 1.38427460e+02 7.57816195e-01
    4.17359619e+01 1.35642868e+02 4.70435709e-01 6.25848007e+01
    1.89209015e+02 6.48278177e-01 7.93156738e+01 2.28853699e+02
    7.30105519e-01 7.02762222e+01 1.36333710e+02 5.06864250e-01
    4.17480087e+01 1.85721451e+02 7.15624988e-01 2.57597065e+01
    2.40001785e+02 6.75875545e-01 4.17333488e+01 4.87061043e+01
    8.26928198e-01 5.21814308e+01 4.73211823e+01 8.52887332e-01
    3.61709061e+01 5.28700027e+01 2.37219125e-01 6.53943939e+01
    4.80159187e+01 6.04530811e-01</data></pose_0>
</opencv_storage>
