<?xml version="1.0"?>
<opencv_storage>
<pose_0 type_id="opencv-nd-matrix">
  <sizes>
    1 18 3</sizes>
  <dt>f</dt>
  <data>
    5.77551384e+01 2.36543999e+01 9.36241031e-01 6.40195618e+01
    5.14765205e+01 7.61142612e-01 3.75767708e+01 5.14711800e+01
    6.54118359e-01 2.08705807e+01 8.62420502e+01 7.21219897e-01
    2.06044602e+00 1.12688530e+02 5.46182871e-01 9.11468887e+01
    5.21962852e+01 6.98202968e-01 1.01545837e+02 9.11204910e+01
    7.61430979e-01 9.32213974e+01 1.21736084e+02 7.00045586e-01
    3.61670570e+01 1.19651031e+02 4.63433802e-01 4.03444214e+01
    1.81566879e+02 5.97343266e-01 4.17191391e+01 2.36506561e+02
    7.53818452e-01 7.30352020e+01 1.23125153e+02 4.55993235e-01
    6.60949631e+01 1.80165222e+02 6.67285204e-01 8.62652130e+01
    2.19851288e+02 6.19073689e-01 5.21997452e+01 1.88072166e+01
    9.09513056e-01 6.40038681e+01 1.88050137e+01 8.92669559e-01
    4.65675507e+01 2.43721275e+01 7.13305712e-01 7.58238831e+01
    2.43757687e+01 7.26529896e-01</data></pose_0>
</opencv_storage>
