<?xml version="1.0"?>
<opencv_storage>
<pose_0 type_id="opencv-nd-matrix">
  <sizes>
    1 18 3</sizes>
  <dt>f</dt>
  <data>
    5.98176727e+01 1.94553738e+01 8.96533847e-01 6.40026245e+01
    4.79949455e+01 7.75604308e-01 3.13088303e+01 4.93864708e+01
    6.27005458e-01 1.39431238e+01 9.25268326e+01 6.30088329e-01
    2.05963445e+00 1.14785149e+02 4.38649535e-01 9.67114944e+01
    4.79963760e+01 6.41147912e-01 1.15491257e+02 8.20912857e+01
    5.38119018e-01 1.07832588e+02 1.14787651e+02 6.02132916e-01
    3.61778831e+01 1.21038544e+02 4.59115654e-01 2.85199356e+01
    1.74594925e+02 6.29575968e-01 5.28720055e+01 2.21906494e+02
    5.52328169e-01 7.93076553e+01 1.23832581e+02 4.62477535e-01
    7.44412766e+01 1.78093506e+02 5.24342537e-01 6.26073151e+01
    2.35839005e+02 5.46386957e-01 5.42499847e+01 1.39197388e+01
    8.43386531e-01 6.81801147e+01 1.39522591e+01 8.26567948e-01
    4.65735054e+01 1.94514885e+01 5.96600115e-01 8.07140503e+01
    1.94942245e+01 6.89682424e-01</data></pose_0>
</opencv_storage>
