<?xml version="1.0"?>
<opencv_storage>
<pose_0 type_id="opencv-nd-matrix">
  <sizes>
    1 18 3</sizes>
  <dt>f</dt>
  <data>
    5.77437172e+01 6.19091644e+01 8.87205660e-01 5.98230057e+01
    9.04276505e+01 7.25329936e-01 2.99168110e+01 9.11013947e+01
    6.40924811e-01 8.35700130e+00 1.14082329e+02 4.08825874e-01
    2.05729008e+00 1.33567688e+02 2.78640926e-01 9.18084030e+01
    9.11185989e+01 6.58523679e-01 1.09905296e+02 1.26608650e+02
    7.22856581e-01 9.66991806e+01 1.60686691e+02 6.89422131e-01
    3.19935017e+01 1.55820038e+02 4.15025383e-01 3.89675751e+01
    2.14249527e+02 5.36264956e-01 4.59194946e+01 2.53931824e+02
    1.92778006e-01 7.51274719e+01 1.57916687e+02 4.28720951e-01
    4.65925102e+01 2.10792435e+02 5.72262466e-01 5.21914291e+01
    2.53930237e+02 1.98268265e-01 5.21827660e+01 5.70480194e+01
    9.06483412e-01 6.40081940e+01 5.70397415e+01 8.35202813e-01
    4.31304893e+01 6.26129150e+01 6.74212217e-01 7.79098892e+01
    6.18975067e+01 6.84087038e-01</data></pose_0>
</opencv_storage>
