<?xml version="1.0"?>
<opencv_storage>
<pose_0 type_id="opencv-nd-matrix">
  <sizes>
    1 18 3</sizes>
  <dt>f</dt>
  <data>
    5.84124527e+01 3.89457321e+01 8.41701448e-01 6.53829346e+01
    6.33234024e+01 7.23284245e-01 3.89588051e+01 6.19201508e+01
    6.45152807e-01 1.46077623e+01 9.39086685e+01 7.08036542e-01
    2.05115938e+00 1.13369064e+02 1.58842638e-01 9.25198288e+01
    6.67744446e+01 6.27572596e-01 1.07809593e+02 9.87802887e+01
    7.00148642e-01 9.18131027e+01 1.28688049e+02 7.33185112e-01
    3.61826096e+01 1.27997398e+02 4.91418540e-01 4.72909088e+01
    1.85041779e+02 6.03313029e-01 6.25846748e+01 2.35122070e+02
    4.91474092e-01 7.30510483e+01 1.29398727e+02 5.02103925e-01
    5.28925247e+01 1.82261703e+02 5.97102761e-01 5.70452538e+01
    2.37223877e+02 4.03984129e-01 5.28854790e+01 3.47673912e+01
    8.35319281e-01 6.47078934e+01 3.47894478e+01 8.07107151e-01
    4.66171074e+01 3.96573296e+01 2.59810179e-01 7.93124619e+01
    3.89604301e+01 6.55378640e-01</data></pose_0>
</opencv_storage>
