<?xml version="1.0"?>
<opencv_storage>
<pose_0 type_id="opencv-nd-matrix">
  <sizes>
    1 18 3</sizes>
  <dt>f</dt>
  <data>
    4.31391296e+01 4.80039291e+01 8.58375132e-01 6.05115623e+01
    7.51428909e+01 6.21155322e-01 2.71348782e+01 7.79222260e+01
    5.46123981e-01 1.87701740e+01 1.21048927e+02 6.18955791e-01
    2.05684733e+00 1.52328156e+02 4.44635302e-01 9.73905106e+01
    7.58363876e+01 5.23613632e-01 1.13365768e+02 1.13402328e+02
    7.82199204e-01 1.09910851e+02 1.50956696e+02 7.41610885e-01
    3.61559563e+01 1.49569641e+02 4.09639984e-01 2.01708126e+01
    2.13558472e+02 6.76956654e-01 6.33088303e+01 2.40002106e+02
    2.00239792e-01 8.00011368e+01 1.50962173e+02 4.38340068e-01
    7.92986450e+01 2.14960312e+02 5.10678589e-01 7.93078995e+01
    2.53923203e+02 9.76928920e-02 3.68888054e+01 4.38167801e+01
    7.74694443e-01 4.93992577e+01 4.17486572e+01 7.92457521e-01
    2.99358273e+01 4.66241150e+01 4.72592652e-01 6.40209198e+01
    4.17436600e+01 4.58537012e-01</data></pose_0>
</opencv_storage>
