<?xml version="1.0"?>
<opencv_storage>
<pose_0 type_id="opencv-nd-matrix">
  <sizes>
    1 18 3</sizes>
  <dt>f</dt>
  <data>
    5.84687767e+01 2.50671520e+01 8.99585128e-01 6.88873520e+01
    5.14550896e+01 6.80678189e-01 3.89621201e+01 5.21679955e+01
    6.17004395e-01 1.25301218e+01 8.69642792e+01 6.84484899e-01
    2.05235004e+00 1.03656380e+02 8.52441713e-02 9.94851608e+01
    5.21504135e+01 5.87904334e-01 1.12006187e+02 9.04259415e+01
    6.89659178e-01 1.13417686e+02 1.23822952e+02 7.85907149e-01
    4.17592888e+01 1.16176903e+02 4.59712029e-01 5.98268967e+01
    1.73220352e+02 4.91809130e-01 8.00034561e+01 2.25405014e+02
    7.08288074e-01 8.14064560e+01 1.18268494e+02 4.61141944e-01
    5.28783150e+01 1.73896774e+02 6.24447465e-01 4.03517036e+01
    2.36536957e+02 6.34318471e-01 5.35821266e+01 2.01856251e+01
    8.24766934e-01 6.47035065e+01 2.08685551e+01 8.10139179e-01
    4.72906380e+01 2.43664799e+01 5.15182734e-01 8.00046539e+01
    2.43611603e+01 6.23333573e-01</data></pose_0>
</opencv_storage>
