<?xml version="1.0"?>
<opencv_storage>
<pose_0 type_id="opencv-nd-matrix">
  <sizes>
    1 18 3</sizes>
  <dt>f</dt>
  <data>
    3.47951088e+01 3.54661179e+01 9.37683582e-01 6.19187126e+01
    5.84302483e+01 7.56106615e-01 4.17488899e+01 5.84385376e+01
    5.96922755e-01 3.13115673e+01 8.48670578e+01 1.38645217e-01 0. 0. 0.
    8.07079620e+01 5.84414253e+01 6.82206213e-01 8.97242432e+01
    9.74033966e+01 7.86759019e-01 3.62030067e+01 1.07806938e+02
    7.73476660e-01 4.17595634e+01 1.30079468e+02 4.69090939e-01
    2.29453583e+01 1.91287964e+02 7.20868170e-01 2.05954123e+00
    2.53915070e+02 3.51323366e-01 7.93021317e+01 1.30078308e+02
    4.52773631e-01 1.00860428e+02 1.85724533e+02 6.96972489e-01
    1.18922455e+02 2.30253876e+02 7.73560047e-01 3.06129112e+01
    3.05852032e+01 8.45297039e-01 4.10395508e+01 2.99169197e+01
    8.96129370e-01 0. 0. 0. 5.77170868e+01 3.06003933e+01 5.90258777e-01</data></pose_0>
</opencv_storage>
