<?xml version="1.0"?>
<opencv_storage>
<pose_0 type_id="opencv-nd-matrix">
  <sizes>
    1 18 3</sizes>
  <dt>f</dt>
  <data>
    5.56467247e+01 2.91969757e+01 8.52993369e-01 6.39766464e+01
    5.35580254e+01 7.64302671e-01 3.33897629e+01 5.35837517e+01
    6.46687865e-01 9.03676701e+00 8.90347443e+01 7.05409884e-01
    2.04902482e+00 9.87756653e+01 1.13826714e-01 9.46089249e+01
    5.63340302e+01 6.17559493e-01 1.13389030e+02 8.69586868e+01
    7.47896314e-01 1.18926888e+02 1.24542183e+02 7.32964396e-01
    3.89491043e+01 1.21041397e+02 4.50283408e-01 5.98355598e+01
    1.76022354e+02 5.35078824e-01 9.32312317e+01 2.14273254e+02
    6.54018462e-01 7.58407211e+01 1.20358490e+02 4.63758260e-01
    5.21537437e+01 1.78086426e+02 5.38100481e-01 3.75686531e+01
    2.43471573e+02 5.56926310e-01 5.14527855e+01 2.36352711e+01
    8.33498061e-01 6.32962379e+01 2.43280277e+01 8.60529840e-01
    4.45150108e+01 2.57393513e+01 3.60421866e-01 7.65331345e+01
    2.85207958e+01 6.18407547e-01</data></pose_0>
</opencv_storage>
