<?xml version="1.0"?>
<opencv_storage>
<pose_0 type_id="opencv-nd-matrix">
  <sizes>
    1 18 3</sizes>
  <dt>f</dt>
  <data>
    5.91495094e+01 2.08727551e+01 8.27307463e-01 6.40253525e+01
    5.07665863e+01 7.16032028e-01 3.61540604e+01 4.86861725e+01
    6.39788270e-01 2.57411003e+01 9.11005554e+01 6.50967300e-01
    1.39428968e+01 1.19680984e+02 6.96721494e-01 9.39204483e+01
    5.21625175e+01 6.14663899e-01 1.07838989e+02 8.62860718e+01
    7.31485724e-01 9.80970764e+01 1.18965126e+02 7.05929220e-01
    3.54745674e+01 1.23120399e+02 4.75935519e-01 3.47937126e+01
    1.74613831e+02 6.85811579e-01 2.92262859e+01 2.39986526e+02
    6.54856503e-01 7.99782639e+01 1.23825043e+02 4.19132024e-01
    8.48753510e+01 1.80182541e+02 7.03715146e-01 1.02970230e+02
    2.14271118e+02 5.29060543e-01 5.49662247e+01 1.59965963e+01
    8.12211335e-01 6.67804184e+01 1.80914173e+01 7.95129120e-01
    4.66384659e+01 2.08813534e+01 7.14220464e-01 7.86076279e+01
    2.43393078e+01 7.10621357e-01</data></pose_0>
</opencv_storage>
