<?xml version="1.0"?>
<opencv_storage>
<pose_0 type_id="opencv-nd-matrix">
  <sizes>
    1 18 3</sizes>
  <dt>f</dt>
  <data>
    7.23460999e+01 2.92272758e+01 8.43922794e-01 7.44451904e+01
    5.77638893e+01 8.14550400e-01 4.58953247e+01 5.77061195e+01
    7.00193644e-01 2.50472221e+01 8.97342453e+01 6.30497396e-01
    7.64377403e+00 1.11995079e+02 6.24097824e-01 1.02959824e+02
    6.05327759e+01 6.80642068e-01 1.14786873e+02 9.45999680e+01
    6.06410265e-01 1.13416039e+02 1.22432762e+02 6.55446649e-01
    5.28654518e+01 1.18254845e+02 4.52349812e-01 4.45220451e+01
    1.43314117e+02 1.77844122e-01 5.21658592e+01 1.84355194e+02
    1.65222958e-01 9.11267090e+01 1.23126801e+02 4.90366697e-01
    6.39929161e+01 1.75290115e+02 5.21816611e-01 5.70492744e+01
    2.37213181e+02 5.70303380e-01 6.67869186e+01 2.43761673e+01
    8.51864100e-01 7.93012085e+01 2.43630028e+01 8.09029102e-01
    5.84273987e+01 2.99120579e+01 7.34675527e-01 9.04221191e+01
    2.99322472e+01 6.97828829e-01</data></pose_0>
</opencv_storage>
