<?xml version="1.0"?>
<opencv_storage>
<pose_0 type_id="opencv-nd-matrix">
  <sizes>
    1 18 3</sizes>
  <dt>f</dt>
  <data>
    4.93834496e+01 4.10106697e+01 8.69792879e-01 6.26154633e+01
    7.02486267e+01 6.73024774e-01 2.78229980e+01 6.88681946e+01
    4.86536056e-01 2.08745308e+01 9.80861664e+01 9.12162811e-02 0. 0. 0.
    9.67095642e+01 7.44206543e+01 5.56134701e-01 1.13355942e+02
    1.19634041e+02 7.71145761e-01 9.39114609e+01 1.60016403e+02
    7.01071262e-01 2.99324226e+01 1.54439529e+02 4.06505525e-01
    2.57326775e+01 2.24001205e+02 4.35514987e-01 0. 0. 0. 7.51402664e+01
    1.58619034e+02 3.93515497e-01 8.06866531e+01 2.35118500e+02
    6.79901481e-01 1.17551544e+02 2.53938568e+02 9.00745168e-02
    4.38206406e+01 3.47872734e+01 8.15335155e-01 5.70435524e+01
    3.47729912e+01 8.02195966e-01 3.61746330e+01 3.96362686e+01
    3.16736907e-01 7.44310760e+01 3.68928452e+01 5.59672236e-01</data></pose_0>
</opencv_storage>
