<?xml version="1.0"?>
<opencv_storage>
<pose_0 type_id="opencv-nd-matrix">
  <sizes>
    1 18 3</sizes>
  <dt>f</dt>
  <data>
    3.26854591e+01 2.91907349e+01 8.67768526e-01 6.33269386e+01
    5.21719131e+01 7.34972358e-01 3.96479301e+01 5.07928848e+01
    5.49040020e-01 2.50453835e+01 7.99847031e+01 5.52328229e-01
    4.10388947e+01 9.46034241e+01 6.70652166e-02 8.69630661e+01
    5.28911591e+01 6.01965308e-01 1.06438416e+02 9.87758484e+01
    7.41317153e-01 6.88571396e+01 1.26599762e+02 7.28766918e-01
    3.96557693e+01 1.36355545e+02 3.98264974e-01 1.94584885e+01
    2.02448914e+02 7.35639870e-01 3.20165405e+01 2.53930191e+02
    2.07184047e-01 8.34761429e+01 1.39821884e+02 4.22956169e-01
    9.67225418e+01 2.03829605e+02 6.78762853e-01 1.07128571e+02
    2.53935852e+02 2.36667812e-01 2.92283783e+01 2.29502525e+01
    8.34164798e-01 4.10221786e+01 2.36272869e+01 8.53544533e-01 0. 0. 0.
    5.77530975e+01 2.43682442e+01 5.96881390e-01</data></pose_0>
</opencv_storage>
