<?xml version="1.0"?>
<opencv_storage>
<pose_0 type_id="opencv-nd-matrix">
  <sizes>
    1 18 3</sizes>
  <dt>f</dt>
  <data>
    3.40765190e+01 4.38356361e+01 8.41355801e-01 5.21530342e+01
    7.02812881e+01 6.42787635e-01 2.15736656e+01 7.44204102e+01
    5.39215326e-01 7.65003729e+00 1.16169395e+02 5.61178267e-01
    2.05084562e+00 1.37747284e+02 6.86107129e-02 8.55552521e+01
    7.02529602e+01 4.88682657e-01 1.08525253e+02 1.12679581e+02
    7.43149936e-01 1.07839165e+02 1.48193283e+02 8.08046103e-01
    2.98944912e+01 1.51655869e+02 4.55112517e-01 2.36514702e+01
    2.23304504e+02 4.96232957e-01 0. 0. 0. 7.09514465e+01 1.48182907e+02
    4.24923331e-01 5.84559860e+01 2.17050522e+02 5.99187672e-01
    7.99917526e+01 2.53930130e+02 1.51110679e-01 2.92043190e+01
    3.82525635e+01 8.26146901e-01 4.10400810e+01 3.82590790e+01
    8.09101939e-01 2.29431400e+01 4.17313843e+01 1.69706315e-01
    5.77541237e+01 4.10655403e+01 5.42371273e-01</data></pose_0>
</opencv_storage>
