<?xml version="1.0"?>
<opencv_storage>
<pose_0 type_id="opencv-nd-matrix">
  <sizes>
    1 18 3</sizes>
  <dt>f</dt>
  <data>
    5.77332001e+01 1.88066368e+01 9.57262874e-01 6.32957535e+01
    5.14595222e+01 7.36273885e-01 3.47708511e+01 5.21811256e+01
    6.64298296e-01 2.43326836e+01 9.04273605e+01 5.70850253e-01
    1.32255592e+01 1.18253593e+02 5.60159624e-01 9.32208862e+01
    5.14733124e+01 6.23572230e-01 1.05049492e+02 8.76636658e+01
    6.27570033e-01 1.02984673e+02 1.22442780e+02 6.83411419e-01
    3.68796082e+01 1.16867188e+02 4.34475452e-01 3.05985107e+01
    1.74618500e+02 6.59923673e-01 1.95077038e+01 2.40684235e+02
    5.63697875e-01 7.72146683e+01 1.19658401e+02 4.27581340e-01
    8.14088974e+01 1.78091415e+02 6.50160372e-01 9.73946457e+01
    2.17048752e+02 5.05443990e-01 5.21633148e+01 1.39342642e+01
    8.93135846e-01 6.39932747e+01 1.39389534e+01 8.83613229e-01
    4.31242332e+01 1.95003681e+01 7.35411286e-01 7.58294754e+01
    1.95101547e+01 6.62845135e-01</data></pose_0>
</opencv_storage>
