<?xml version="1.0"?>
<opencv_storage>
<pose_0 type_id="opencv-nd-matrix">
  <sizes>
    1 18 3</sizes>
  <dt>f</dt>
  <data>
    6.39757004e+01 3.54620018e+01 9.22236860e-01 6.88603973e+01
    6.32831078e+01 7.77594388e-01 4.10532303e+01 6.33155670e+01
    6.95301533e-01 2.43535576e+01 1.02241135e+02 7.40814686e-01
    6.94238997e+00 1.26617226e+02 6.22502625e-01 9.67156067e+01
    6.33084602e+01 6.84588373e-01 1.14102867e+02 9.60057526e+01
    6.93953454e-01 1.09225433e+02 1.23835281e+02 7.32533693e-01
    4.17462540e+01 1.32181305e+02 4.96811301e-01 3.61538544e+01
    1.85732269e+02 6.03293836e-01 5.70288734e+01 2.35127609e+02
    4.78273422e-01 8.06928253e+01 1.32876678e+02 4.82812852e-01
    7.65296860e+01 1.87134705e+02 6.34669960e-01 6.96004028e+01
    2.42085770e+02 6.39805257e-01 5.84328346e+01 3.05820827e+01
    9.15067494e-01 6.95741882e+01 3.05949669e+01 8.81157875e-01
    5.07925529e+01 3.54758377e+01 6.51384711e-01 8.06762466e+01
    3.54829865e+01 7.85853028e-01</data></pose_0>
</opencv_storage>
