<?xml version="1.0"?>
<opencv_storage>
<pose_0 type_id="opencv-nd-matrix">
  <sizes>
    1 18 3</sizes>
  <dt>f</dt>
  <data>
    4.73348427e+01 3.05932159e+01 9.25228596e-01 6.32857475e+01
    5.28894005e+01 7.20320940e-01 3.33856087e+01 5.35569420e+01
    6.12471998e-01 1.52989855e+01 8.48761978e+01 6.09788835e-01
    2.05264115e+00 1.07821877e+02 1.83791652e-01 9.53066864e+01
    5.42597237e+01 5.37537098e-01 1.08530449e+02 9.11473312e+01
    8.17726970e-01 1.08491623e+02 1.26615967e+02 8.27275276e-01
    3.47890282e+01 1.17560394e+02 4.58847165e-01 4.03465080e+01
    1.75299118e+02 3.47188652e-01 5.70409851e+01 2.35835052e+02
    2.80478299e-01 7.51390991e+01 1.22439934e+02 4.38445091e-01
    4.31381531e+01 1.75297668e+02 6.06382787e-01 5.84560165e+01
    2.38616806e+02 4.22764689e-01 4.24210091e+01 2.50628128e+01
    8.48450661e-01 5.35787735e+01 2.50171776e+01 8.38234425e-01
    3.61592140e+01 2.99164639e+01 2.03837916e-01 6.88770981e+01
    2.50301170e+01 5.47396660e-01</data></pose_0>
</opencv_storage>
