<?xml version="1.0"?>
<opencv_storage>
<pose_0 type_id="opencv-nd-matrix">
  <sizes>
    1 18 3</sizes>
  <dt>f</dt>
  <data>
    5.91312675e+01 2.50246296e+01 8.85913372e-01 6.67704620e+01
    4.93856010e+01 6.66254401e-01 3.89509544e+01 4.80202065e+01
    6.12792075e-01 8.35760021e+00 8.27797089e+01 4.87024188e-01
    2.05375314e+00 9.73889313e+01 5.06317168e-02 9.66818695e+01
    5.21811790e+01 5.68690062e-01 1.09233284e+02 9.11445999e+01
    6.89260602e-01 1.06437286e+02 1.25923279e+02 7.13191509e-01
    3.96591377e+01 1.24518196e+02 4.57827955e-01 6.25945702e+01
    1.84338242e+02 5.53431571e-01 8.34739380e+01 2.35127777e+02
    6.17129862e-01 7.92954330e+01 1.24526436e+02 4.99871701e-01
    5.70288200e+01 1.84339951e+02 5.68026304e-01 3.47672424e+01
    2.47629669e+02 4.65266675e-01 5.49605484e+01 1.94737988e+01
    8.42499077e-01 6.74641342e+01 2.02004871e+01 8.04525137e-01
    4.73122826e+01 2.43274689e+01 5.00515521e-01 8.06837387e+01
    2.50599289e+01 6.61614895e-01</data></pose_0>
</opencv_storage>
