<?xml version="1.0"?>
<opencv_storage>
<pose_0 type_id="opencv-nd-matrix">
  <sizes>
    1 18 3</sizes>
  <dt>f</dt>
  <data>
    5.77343941e+01 4.65963783e+01 8.97376418e-01 5.91506844e+01
    6.95525055e+01 7.31760025e-01 3.47652702e+01 6.95666275e+01
    6.77571237e-01 1.25172520e+01 9.87842255e+01 6.35425866e-01
    2.05058217e+00 1.16165001e+02 1.07394315e-01 8.69524841e+01
    6.95753403e+01 6.25745714e-01 1.02964966e+02 1.07122894e+02
    7.31879473e-01 9.18542862e+01 1.35631271e+02 7.88794518e-01
    3.61675835e+01 1.33565384e+02 4.97672737e-01 5.28701286e+01
    1.86419434e+02 5.34694970e-01 6.54029999e+01 2.39990082e+02
    4.98080194e-01 7.44301224e+01 1.34943649e+02 5.10477781e-01
    5.28571587e+01 1.85736023e+02 6.73757017e-01 5.77259331e+01
    2.42087402e+02 2.97823012e-01 5.28690567e+01 4.10606689e+01
    9.31088209e-01 6.39820366e+01 4.17412376e+01 8.95533442e-01
    4.59110489e+01 4.58908043e+01 6.02514803e-01 7.51602859e+01
    4.65937080e+01 7.14734018e-01</data></pose_0>
</opencv_storage>
