<?xml version="1.0"?>
<opencv_storage>
<pose_0 type_id="opencv-nd-matrix">
  <sizes>
    1 18 3</sizes>
  <dt>f</dt>
  <data>
    5.98235435e+01 2.78226948e+01 8.27436805e-01 6.53822708e+01
    5.35827637e+01 7.09970176e-01 3.68810921e+01 5.35654488e+01
    6.26933396e-01 1.87758408e+01 8.76446609e+01 6.76538467e-01
    2.05188394e+00 1.13380142e+02 1.71765372e-01 9.39229050e+01
    5.56507759e+01 6.19578242e-01 1.08517265e+02 9.04477310e+01
    7.96236694e-01 9.18267593e+01 1.19681351e+02 6.94523871e-01
    3.68866425e+01 1.22431435e+02 4.63888556e-01 4.24405670e+01
    1.80171326e+02 6.73533142e-01 5.28963051e+01 2.30984680e+02
    7.22249746e-01 7.51315689e+01 1.23821838e+02 4.93761003e-01
    6.47141266e+01 1.74602127e+02 6.01816237e-01 7.44320145e+01
    2.21224533e+02 6.28627777e-01 5.49616623e+01 2.36433868e+01
    8.12064528e-01 6.74752884e+01 2.43155575e+01 8.18050742e-01
    4.73172379e+01 2.85248642e+01 4.77225035e-01 8.00178375e+01
    2.98791046e+01 6.91222548e-01</data></pose_0>
</opencv_storage>
