<?xml version="1.0"?>
<opencv_storage>
<pose_0 type_id="opencv-nd-matrix">
  <sizes>
    1 18 3</sizes>
  <dt>f</dt>
  <data>
    5.21539459e+01 2.29655228e+01 8.89900446e-01 5.84621696e+01
    5.07804337e+01 7.23624468e-01 3.12951183e+01 5.21559639e+01
    7.03693867e-01 2.50468540e+01 8.62640686e+01 5.13248801e-01
    1.95102673e+01 1.06429214e+02 2.96193182e-01 8.76552048e+01
    5.14552422e+01 6.32157087e-01 1.03651794e+02 8.41773682e+01
    6.84223533e-01 1.04353455e+02 1.20336372e+02 6.99818134e-01
    3.13146114e+01 1.14091782e+02 4.61257309e-01 2.64421482e+01
    1.75317047e+02 6.65284634e-01 2.98789635e+01 2.31655563e+02
    7.38925278e-01 7.30357895e+01 1.17556839e+02 4.69980747e-01
    7.44115143e+01 1.78771667e+02 6.96048737e-01 1.02959999e+02
    1.97592758e+02 7.31471777e-01 4.66073189e+01 1.80949593e+01
    9.00353432e-01 5.84095917e+01 1.87655334e+01 8.80709291e-01
    4.03231773e+01 2.29655285e+01 5.69454074e-01 6.95560608e+01
    2.29596901e+01 5.61363578e-01</data></pose_0>
</opencv_storage>
