<?xml version="1.0"?>
<opencv_storage>
<pose_0 type_id="opencv-nd-matrix">
  <sizes>
    1 18 3</sizes>
  <dt>f</dt>
  <data>
    6.95442505e+01 2.99028187e+01 9.48606372e-01 7.37506714e+01
    6.05269699e+01 7.32245326e-01 4.17371254e+01 6.05278015e+01
    6.09287739e-01 2.43402214e+01 8.55666962e+01 6.06675148e-01
    1.11319265e+01 1.06437935e+02 6.34809494e-01 1.07120361e+02
    6.39798355e+01 6.87310517e-01 1.16164627e+02 9.80907669e+01
    6.51290953e-01 1.09243279e+02 1.32173721e+02 7.43615270e-01
    4.66237755e+01 1.23828430e+02 4.38841373e-01 4.93916130e+01
    1.83649506e+02 4.12887096e-01 9.25107422e+01 2.23998138e+02
    4.47930574e-01 8.55812073e+01 1.29384583e+02 4.53025401e-01
    5.77344017e+01 1.80183914e+02 6.49615765e-01 4.59229355e+01
    2.48346039e+02 5.08333862e-01 6.33172493e+01 2.50377502e+01
    8.93356800e-01 7.65197906e+01 2.50481262e+01 8.26101124e-01
    5.28876190e+01 3.13051910e+01 7.55865872e-01 8.90474319e+01
    3.13304024e+01 6.53284073e-01</data></pose_0>
</opencv_storage>
