<?xml version="1.0"?>
<opencv_storage>
<pose_0 type_id="opencv-nd-matrix">
  <sizes>
    1 18 3</sizes>
  <dt>f</dt>
  <data>
    5.28810883e+01 3.61918182e+01 8.97986650e-01 6.39983025e+01
    6.12212181e+01 6.77238882e-01 3.61568909e+01 6.33069801e+01
    6.06401026e-01 2.43332443e+01 1.02272797e+02 6.43728912e-01
    8.35202885e+00 1.34940292e+02 6.35965407e-01 9.52920837e+01
    5.98283043e+01 5.40613174e-01 1.18256546e+02 9.32071533e+01
    6.96882010e-01 1.18253639e+02 1.28693146e+02 6.89989746e-01
    3.61937103e+01 1.29384048e+02 4.61441606e-01 2.22574501e+01
    1.85043106e+02 6.39175951e-01 7.64411783e+00 2.44173569e+02
    6.58468127e-01 8.06974716e+01 1.29388962e+02 4.31382626e-01
    8.62895660e+01 1.88520050e+02 6.64772451e-01 8.97318192e+01
    2.37224716e+02 6.43082321e-01 4.73327980e+01 3.13279934e+01
    8.44644904e-01 5.91502838e+01 3.13101330e+01 8.01285625e-01
    4.10237007e+01 3.62066727e+01 5.55282533e-01 7.30483322e+01
    3.54870338e+01 6.13043964e-01</data></pose_0>
</opencv_storage>
