<?xml version="1.0"?>
<opencv_storage>
<pose_0 type_id="opencv-nd-matrix">
  <sizes>
    1 18 3</sizes>
  <dt>f</dt>
  <data>
    5.98422470e+01 3.06427059e+01 8.53525341e-01 6.74647369e+01
    5.84269638e+01 7.37053156e-01 3.82595863e+01 5.84309959e+01
    6.44237638e-01 2.01944466e+01 1.00877617e+02 6.82818711e-01
    2.05846047e+00 1.32185364e+02 4.45845991e-01 9.66747971e+01
    5.84602165e+01 6.12678647e-01 1.14075043e+02 9.59895630e+01
    6.91674888e-01 9.32070999e+01 1.21747292e+02 6.57067657e-01
    4.03496437e+01 1.25229866e+02 4.53336835e-01 2.98957424e+01
    1.80185349e+02 7.07670629e-01 1.80830059e+01 2.40678192e+02
    6.17777288e-01 8.14018478e+01 1.27995552e+02 4.07425076e-01
    8.41665955e+01 1.87146210e+02 6.48812830e-01 8.20862503e+01
    2.37908646e+02 6.42429948e-01 5.49509544e+01 2.57467079e+01
    8.51426899e-01 6.81610565e+01 2.78301964e+01 8.27198267e-01
    4.65751686e+01 3.13136024e+01 6.68467999e-01 7.86200867e+01
    3.26938171e+01 6.66751385e-01</data></pose_0>
</opencv_storage>
