<?xml version="1.0"?>
<opencv_storage>
<pose_0 type_id="opencv-nd-matrix">
  <sizes>
    1 18 3</sizes>
  <dt>f</dt>
  <data>
    6.12046547e+01 2.36651783e+01 8.40988398e-01 6.47075729e+01
    5.14760933e+01 6.89721346e-01 3.68691177e+01 5.21502113e+01
    6.57487988e-01 1.39196329e+01 8.00117111e+01 5.27824402e-01
    2.05135441e+00 9.67002487e+01 1.57885879e-01 9.59813156e+01
    5.21819611e+01 6.04363799e-01 1.13356705e+02 9.04461670e+01
    7.68917263e-01 1.02287384e+02 1.24544495e+02 7.83962965e-01
    4.10482635e+01 1.22429092e+02 4.57979709e-01 5.63462029e+01
    1.82959091e+02 4.88084733e-01 7.51220474e+01 2.39991547e+02
    4.29627866e-01 8.07139130e+01 1.24522652e+02 4.64426816e-01
    5.77527885e+01 1.82264282e+02 5.78450084e-01 4.10364227e+01
    2.47635315e+02 5.07124484e-01 5.70221901e+01 1.87560520e+01
    8.70679498e-01 6.88456726e+01 1.88092594e+01 8.40702653e-01
    4.80077362e+01 2.36315956e+01 5.91984212e-01 8.07195663e+01
    2.43561859e+01 6.84186995e-01</data></pose_0>
</opencv_storage>
