<?xml version="1.0"?>
<opencv_storage>
<pose_0 type_id="opencv-nd-matrix">
  <sizes>
    2 18 3</sizes>
  <dt>f</dt>
  <data>
    1.32218428e+01 3.20136223e+01 7.65580297e-01 7.64380646e+00
    4.17700462e+01 7.95683980e-01 2.04934192e+00 4.38371468e+01
    4.14057195e-01 0. 0. 0. 0. 0. 0. 1.80918350e+01 4.10685654e+01
    8.54140043e-01 3.33996239e+01 4.10398026e+01 7.01621473e-01
    4.10543976e+01 3.54925003e+01 4.68538523e-01 2.05914688e+00
    7.16510849e+01 5.91219425e-01 2.05467319e+00 9.59991226e+01
    8.26419666e-02 0. 0. 0. 1.73890533e+01 6.95855560e+01 7.00573504e-01
    2.50234547e+01 9.46193390e+01 6.70429707e-01 2.50487957e+01
    1.18952400e+02 3.69837940e-01 1.04251747e+01 3.06262779e+01
    7.34053314e-01 1.46165276e+01 3.06263103e+01 4.00923252e-01 0. 0. 0.
    0. 0. 0. 4.03584251e+01 7.58269119e+01 9.30672526e-01 6.26146049e+01
    9.94841843e+01 6.64731741e-01 4.24392815e+01 9.81028595e+01
    5.64992309e-01 2.85197353e+01 1.14085617e+02 8.25846791e-02 0. 0. 0.
    8.20843353e+01 1.01559692e+02 6.29685998e-01 8.62564850e+01
    1.41224640e+02 7.83904850e-01 5.28993874e+01 1.69721939e+02
    8.22027504e-01 3.54867058e+01 1.60695023e+02 4.80317742e-01
    2.43699894e+01 2.21914871e+02 6.91475570e-01 0. 0. 0. 7.09547653e+01
    1.67644897e+02 4.30532396e-01 8.06924744e+01 2.26773209e+02
    7.28988111e-01 1.31483551e+02 2.42773788e+02 4.85135436e-01
    3.68703117e+01 7.37144012e+01 8.16129804e-01 4.58936386e+01
    7.30366898e+01 8.18219423e-01 0. 0. 0. 6.12236328e+01 7.51166992e+01
    6.20141447e-01</data></pose_0>
</opencv_storage>
